-8.134139776229858398e-01 4.178457856178283691e-01 4.046759009361267090e-01
-1.340705007314682007e-01 5.054565668106079102e-01 8.523724079132080078e-01
-6.203956604003906250e-01 6.243268251419067383e-01 4.746843576431274414e-01
-7.985072731971740723e-01 5.345354676246643066e-01 2.768719494342803955e-01
-5.918328166007995605e-01 4.951757788658142090e-01 6.360304951667785645e-01
-8.286888003349304199e-01 4.514459967613220215e-01 3.308644890785217285e-01
6.204045414924621582e-01 6.243195533752441406e-01 4.746824800968170166e-01
1.431989222764968872e-01 5.039342641830444336e-01 8.517888784408569336e-01
8.149925470352172852e-01 4.124704003334045410e-01 4.070075750350952148e-01
7.921577692031860352e-01 5.451539754867553711e-01 2.743960916996002197e-01
5.844390392303466797e-01 4.944682419300079346e-01 6.433755755424499512e-01
8.400871157646179199e-01 4.372108876705169678e-01 3.210925757884979248e-01
8.240903168916702271e-02 6.674868464469909668e-01 7.400473356246948242e-01
-5.937404036521911621e-01 7.810033559799194336e-01 1.936650574207305908e-01
-7.851321250200271606e-02 6.683243513107299805e-01 7.397149205207824707e-01
5.900137424468994141e-01 7.837278246879577637e-01 1.940477192401885986e-01
4.996565282344818115e-01 3.176151216030120850e-01 8.058933019638061523e-01
5.566805005073547363e-01 1.885232180356979370e-01 8.090524077415466309e-01
2.637575566768646240e-02 4.263419806957244873e-01 9.041773676872253418e-01
6.194303631782531738e-01 2.160049229860305786e-01 7.547501921653747559e-01
-4.842805564403533936e-01 3.245346546173095703e-01 8.124959468841552734e-01
-5.410777926445007324e-01 2.038727998733520508e-01 8.158864974975585938e-01
2.306601265445351601e-03 4.320638179779052734e-01 9.018400907516479492e-01
-5.753495097160339355e-01 2.425911277532577515e-01 7.811033725738525391e-01
2.703336775302886963e-01 1.268565356731414795e-01 9.543726444244384766e-01
-1.854471564292907715e-01 6.310526132583618164e-01 7.532475590705871582e-01
-2.815387845039367676e-01 9.274122118949890137e-01 2.462573349475860596e-01
-2.702835500240325928e-01 1.298672705888748169e-01 9.539818167686462402e-01
1.821841448545455933e-01 6.289819478988647461e-01 7.557715177536010742e-01
2.798681557178497314e-01 9.279335737228393555e-01 2.461970299482345581e-01
-6.604265421628952026e-02 9.461241960525512695e-02 9.933211207389831543e-01
6.644606590270996094e-02 9.699773043394088745e-02 9.930641651153564453e-01
-1.305529475212097168e-01 5.218825340270996094e-01 8.429676294326782227e-01
-2.200815528631210327e-01 9.414275884628295898e-01 2.554960250854492188e-01
1.305529028177261353e-01 5.218825340270996094e-01 8.429676890373229980e-01
2.190306186676025391e-01 9.414380788803100586e-01 2.563591897487640381e-01
1.032376175658100692e-07 1.132506951689720154e-01 9.935664534568786621e-01
-2.734758197675546398e-07 7.853699326515197754e-01 6.190267205238342285e-01
-5.604631951428018510e-05 9.774379134178161621e-01 2.112230509519577026e-01
-4.433793127536773682e-01 8.941538333892822266e-01 6.247955933213233948e-02
-7.094148993492126465e-01 7.046122550964355469e-01 1.587958447635173798e-02
-4.405715763568878174e-01 8.853999376296997070e-01 1.482015550136566162e-01
4.358533918857574463e-01 8.978102803230285645e-01 6.299640238285064697e-02
7.023810148239135742e-01 7.115979194641113281e-01 1.700889505445957184e-02
6.761189103126525879e-01 7.228993177413940430e-01 1.424068808555603027e-01
-5.113304257392883301e-01 8.578625917434692383e-01 -5.111626535654067993e-02
-5.949385166168212891e-01 8.027217388153076172e-01 -4.105959087610244751e-02
-3.684249818325042725e-01 9.274932742118835449e-01 6.339835375547409058e-02
5.071678161621093750e-01 8.603811264038085938e-01 -5.025130510330200195e-02
5.949580669403076172e-01 8.027070164680480957e-01 -4.106333106756210327e-02
6.410002708435058594e-01 7.657852172851562500e-01 5.188075453042984009e-02
-4.715341031551361084e-01 8.669407963752746582e-01 -1.614595055580139160e-01
-5.661957859992980957e-01 8.115261793136596680e-01 -1.443867385387420654e-01
-6.830565929412841797e-01 7.281959652900695801e-01 -5.625277012586593628e-02
4.714459180831909180e-01 8.667151927947998047e-01 -1.629217565059661865e-01
5.624198317527770996e-01 8.139237761497497559e-01 -1.456436514854431152e-01
7.553760409355163574e-01 6.523956656455993652e-01 -6.153830140829086304e-02
-4.502481818199157715e-01 8.386709094047546387e-01 -3.064437508583068848e-01
-6.164920926094055176e-01 7.339172959327697754e-01 -2.851366996765136719e-01
-6.783868074417114258e-01 7.200334668159484863e-01 -1.460927575826644897e-01
4.438163340091705322e-01 8.420066237449645996e-01 -3.066788315773010254e-01
6.095798611640930176e-01 7.391737699508666992e-01 -2.864168286323547363e-01
6.835001111030578613e-01 7.159130573272705078e-01 -1.424644291400909424e-01
-5.335692763328552246e-01 6.214808821678161621e-01 -5.736421346664428711e-01
-6.480293273925781250e-01 5.735669732093811035e-01 -5.010777115821838379e-01
-8.305251598358154297e-01 5.031246542930603027e-01 -2.389422655105590820e-01
5.302552580833435059e-01 6.242491006851196289e-01 -5.737094879150390625e-01
6.520529389381408691e-01 5.711671710014343262e-01 -4.985930323600769043e-01
8.043153285980224609e-01 5.397115349769592285e-01 -2.485726773738861084e-01
-4.135151207447052002e-01 5.629802942276000977e-01 -7.155825495719909668e-01
-8.280218243598937988e-01 3.211924135684967041e-01 -4.595816731452941895e-01
-9.058734774589538574e-01 3.176533281803131104e-01 -2.801601290702819824e-01
4.135156571865081787e-01 5.629827380180358887e-01 -7.155802845954895020e-01
8.317199945449829102e-01 3.242380917072296143e-01 -4.506789445877075195e-01
8.958372473716735840e-01 3.377452492713928223e-01 -2.887969613075256348e-01
-4.889034330844879150e-01 5.297233462333679199e-01 -6.930848360061645508e-01
-5.105298757553100586e-01 5.572971105575561523e-01 -6.548122763633728027e-01
-7.132484316825866699e-01 4.335867166519165039e-01 -5.507078766822814941e-01
4.888763725757598877e-01 5.297327637672424316e-01 -6.930966973304748535e-01
5.114958882331848145e-01 5.550927519798278809e-01 -6.559299230575561523e-01
7.152120471000671387e-01 4.315128624439239502e-01 -5.497893095016479492e-01
-2.327323704957962036e-01 6.802076101303100586e-01 -6.950923204421997070e-01
2.332779169082641602e-01 6.806396842002868652e-01 -6.944861412048339844e-01
-6.811141967773437500e-02 6.388518214225769043e-01 -7.663088440895080566e-01
-4.729309082031250000e-01 5.936415195465087891e-01 -6.510960459709167480e-01
6.827615946531295776e-02 6.406002044677734375e-01 -7.648331522941589355e-01
4.698858559131622314e-01 5.954667329788208008e-01 -6.516338586807250977e-01
1.908496916294097900e-01 6.143420338630676270e-01 -7.656109929084777832e-01
6.372310966253280640e-02 7.612819671630859375e-01 -6.452822685241699219e-01
-2.314750254154205322e-01 7.819504141807556152e-01 -5.787683725357055664e-01
-3.241072967648506165e-02 7.029035687446594238e-01 -7.105464339256286621e-01
-1.987553834915161133e-01 6.175912618637084961e-01 -7.609712481498718262e-01
-6.597920507192611694e-02 7.711703777313232422e-01 -6.332005858421325684e-01
2.328641563653945923e-01 7.821256518363952637e-01 -5.779739022254943848e-01
1.582130976021289825e-02 7.000207901000976562e-01 -7.139471769332885742e-01
-2.577210962772369385e-01 8.256260156631469727e-01 -5.019178986549377441e-01
-3.360488116741180420e-01 8.190079927444458008e-01 -4.650774896144866943e-01
2.473401576280593872e-01 8.248329162597656250e-01 -5.084030032157897949e-01
3.166482150554656982e-01 8.179981708526611328e-01 -4.802217781543731689e-01
-1.987919360399246216e-01 8.989673256874084473e-01 -3.903069794178009033e-01
-1.649245917797088623e-01 8.880698084831237793e-01 -4.291059970855712891e-01
1.962431073188781738e-01 8.979142308235168457e-01 -3.940034210681915283e-01
1.649241149425506592e-01 8.880698084831237793e-01 -4.291059970855712891e-01
-3.872858940212609014e-07 8.848156929016113281e-01 -4.659411907196044922e-01
-1.900118604680756107e-07 7.423810958862304688e-01 -6.699779033660888672e-01
-3.474009037017822266e-01 8.913141489028930664e-01 -2.913274466991424561e-01
-4.159343242645263672e-01 7.880233526229858398e-01 -4.538917839527130127e-01
3.478043079376220703e-01 8.901795148849487305e-01 -2.943001985549926758e-01
4.158639609813690186e-01 7.842522263526916504e-01 -4.604406058788299561e-01
-2.173332571983337402e-01 9.694164395332336426e-01 1.140085607767105103e-01
2.180781364440917969e-01 9.692527651786804199e-01 1.139782369136810303e-01
-2.544865310192108154e-01 9.162179827690124512e-01 -3.094854652881622314e-01
2.537330090999603271e-01 9.162768721580505371e-01 -3.099295496940612793e-01
-5.214808425080263987e-07 9.364644885063171387e-01 -3.507623374462127686e-01
-2.514328360557556152e-01 9.018942117691040039e-01 -3.512384295463562012e-01
-1.949793249368667603e-01 7.923592925071716309e-01 -5.780568718910217285e-01
-3.548389077186584473e-01 6.556195616722106934e-01 -6.665226817131042480e-01
2.546378970146179199e-01 8.986969590187072754e-01 -3.570761084556579590e-01
1.973166018724441528e-01 7.915371656417846680e-01 -5.783901214599609375e-01
3.541449606418609619e-01 6.564835906028747559e-01 -6.660410165786743164e-01
-3.970933030359447002e-04 8.181096911430358887e-01 -5.750620365142822266e-01
-3.474845143500715494e-04 7.584897875785827637e-01 -6.516849398612976074e-01
-1.466285288333892822e-01 7.483713030815124512e-01 -6.468697786331176758e-01
1.471931934356689453e-01 7.475729584693908691e-01 -6.476641297340393066e-01
-3.319786046631634235e-04 7.899298667907714844e-01 -6.131970882415771484e-01
-2.433489263057708740e-01 9.696729779243469238e-01 -2.270731516182422638e-02
2.438450455665588379e-01 9.695575237274169922e-01 -2.231056615710258484e-02
-2.669745087623596191e-01 9.526789188385009766e-01 -1.453527957201004028e-01
2.667118608951568604e-01 9.526624083518981934e-01 -1.459420472383499146e-01
-1.748188224155455828e-04 9.983757138252258301e-01 5.697348713874816895e-02
-2.142325538443401456e-04 9.989613294601440430e-01 -4.556590318679809570e-02
-1.616593945072963834e-04 9.806597232818603516e-01 -1.957207471132278442e-01
6.177741661667823792e-02 5.491563081741333008e-01 8.334332108497619629e-01
-3.743642941117286682e-02 5.521005392074584961e-01 8.329367041587829590e-01
-5.000394582748413086e-01 5.334149599075317383e-01 6.822235584259033203e-01
-7.764478325843811035e-01 3.346338272094726562e-01 5.339934229850769043e-01
-5.545587539672851562e-01 5.010034441947937012e-01 6.644246578216552734e-01
4.945467114448547363e-01 5.443957448005676270e-01 6.775373816490173340e-01
8.000636100769042969e-01 3.667107820510864258e-01 4.747857451438903809e-01
6.552645564079284668e-01 5.129761099815368652e-01 5.545122623443603516e-01
-3.311217427253723145e-01 7.492904663085937500e-01 5.735173821449279785e-01
3.265909850597381592e-01 7.546848654747009277e-01 5.690245628356933594e-01
-7.069426774978637695e-01 5.821874737739562988e-01 4.016090035438537598e-01
-2.060013711452484131e-01 9.771589040756225586e-01 5.218980088829994202e-02
-9.021723866462707520e-01 2.715419530868530273e-01 3.351863920688629150e-01
-8.592846393585205078e-01 4.906812310218811035e-01 1.444363594055175781e-01
-8.019655346870422363e-01 5.743371844291687012e-01 1.642802953720092773e-01
7.151015996932983398e-01 5.696278810501098633e-01 4.051589369773864746e-01
2.056159526109695435e-01 9.772224426269531250e-01 5.251988023519515991e-02
8.817894458770751953e-01 2.851269245147705078e-01 3.756992518901824951e-01
8.664684891700744629e-01 4.771491289138793945e-01 1.468369662761688232e-01
7.987542748451232910e-01 5.809309482574462891e-01 1.565597504377365112e-01
3.095261938869953156e-02 8.363761901855468750e-01 5.472813248634338379e-01
-8.681041002273559570e-02 9.779336452484130859e-01 1.900255829095840454e-01
-3.094954416155815125e-02 8.363801240921020508e-01 5.472754836082458496e-01
8.681225776672363281e-02 9.779335260391235352e-01 1.900256872177124023e-01
-1.317107230424880981e-01 9.893949031829833984e-01 6.123688071966171265e-02
-1.076005026698112488e-01 9.921625852584838867e-01 6.352467089891433716e-02
-8.289956301450729370e-02 9.846498370170593262e-01 1.535982638597488403e-01
1.317117214202880859e-01 9.893948435783386230e-01 6.123686954379081726e-02
1.072831526398658752e-01 9.921645522117614746e-01 6.402974575757980347e-02
8.290034532546997070e-02 9.846496582031250000e-01 1.535984575748443604e-01
-2.943055704236030579e-02 9.946767687797546387e-01 9.875214844942092896e-02
-7.149025052785873413e-02 9.945558309555053711e-01 -7.581447064876556396e-02
-1.146630495786666870e-01 9.933913350105285645e-01 -5.095521919429302216e-03
2.909272164106369019e-02 9.946004748344421387e-01 9.961723536252975464e-02
7.099022716283798218e-02 9.946568012237548828e-01 -7.495512813329696655e-02
1.142614483833312988e-01 9.934376478195190430e-01 -5.093893967568874359e-03
-2.871303446590900421e-02 9.318922162055969238e-01 3.615970313549041748e-01
2.853654325008392334e-02 9.318941831588745117e-01 3.616060018539428711e-01
-7.612147182226181030e-02 9.970985651016235352e-01 0.000000000000000000e+00
-1.078210971172666177e-06 1.000000000000000000e+00 0.000000000000000000e+00
7.551611959934234619e-02 9.971445798873901367e-01 0.000000000000000000e+00
-1.765755732776597142e-04 9.898360967636108398e-01 -1.422133743762969971e-01
-3.201866056770086288e-04 9.579834342002868652e-01 2.868232727050781250e-01
-2.230678073829039931e-04 8.519930839538574219e-01 5.235530138015747070e-01
3.702693283557891846e-01 9.211302995681762695e-01 1.200824379920959473e-01
2.270396798849105835e-01 9.616679549217224121e-01 1.537784487009048462e-01
-4.409742057323455811e-01 8.723475337028503418e-01 2.110724896192550659e-01
-3.786993324756622314e-01 9.254230260848999023e-01 1.337938848882913589e-02
4.223426878452301025e-01 9.026371240615844727e-01 8.290220052003860474e-02
3.322924077510833740e-01 8.773093223571777344e-01 3.462801277637481689e-01
5.465313792228698730e-01 7.918022274971008301e-01 2.726767063140869141e-01
-3.531923890113830566e-01 9.273766875267028809e-01 1.233998835086822510e-01
4.308795928955078125e-01 8.776964545249938965e-01 2.097420990467071533e-01
-2.808837890625000000e-01 9.497217535972595215e-01 1.383215785026550293e-01
3.818833529949188232e-01 9.241142868995666504e-01 1.333796605467796326e-02
-4.389012157917022705e-01 8.948011994361877441e-01 8.183217048645019531e-02
-3.052283525466918945e-01 8.909089565277099609e-01 3.363285958766937256e-01
-4.023319482803344727e-01 8.874703049659729004e-01 2.247784584760665894e-01
-7.034220695495605469e-01 6.812620759010314941e-01 2.026806175708770752e-01
-6.982420682907104492e-01 6.510958671569824219e-01 2.975434958934783936e-01
-6.541259288787841797e-01 6.977353096008300781e-01 2.920353412628173828e-01
7.158155441284179688e-01 6.693847179412841797e-01 1.988269388675689697e-01
7.067679762840270996e-01 6.418130397796630859e-01 2.975820004940032959e-01
6.335868835449218750e-01 7.170914411544799805e-01 2.904263734817504883e-01
-8.733193874359130859e-01 4.047714769840240479e-01 2.710595428943634033e-01
-8.216957449913024902e-01 5.651284456253051758e-01 7.379655539989471436e-02
-8.834369182586669922e-01 4.261749386787414551e-01 1.947153955698013306e-01
8.657335638999938965e-01 4.203283786773681641e-01 2.717157900333404541e-01
8.222975134849548340e-01 5.647206306457519531e-01 7.012394815683364868e-02
8.800339102745056152e-01 4.330489933490753174e-01 1.949587762355804443e-01
2.223197072744369507e-01 9.459873437881469727e-01 2.359702885150909424e-01
4.287868738174438477e-01 8.992027044296264648e-01 8.704146742820739746e-02
-3.043633699417114258e-01 9.298138618469238281e-01 2.069037407636642456e-01
-4.820136129856109619e-01 8.733328580856323242e-01 7.037547975778579712e-02
-7.317928671836853027e-01 5.792976617813110352e-01 3.590173125267028809e-01
-5.036433935165405273e-01 7.556347250938415527e-01 4.187594056129455566e-01
7.371026277542114258e-01 5.712853074073791504e-01 3.609886467456817627e-01
4.986113607883453369e-01 7.590432167053222656e-01 4.186166822910308838e-01
-5.705782175064086914e-01 8.049923777580261230e-01 1.625661551952362061e-01
5.006208419799804688e-01 7.555284500122070312e-01 4.225583970546722412e-01
4.786423742771148682e-01 8.366749286651611328e-01 2.662267088890075684e-01
4.391988813877105713e-01 8.747687339782714844e-01 2.046561688184738159e-01
-4.592734575271606445e-01 8.437891006469726562e-01 2.776470482349395752e-01
-4.585984349250793457e-01 8.656609058380126953e-01 2.007950246334075928e-01
-6.667901277542114258e-01 5.118439197540283203e-01 5.416703224182128906e-01
-4.353872239589691162e-01 6.943585872650146484e-01 5.729781985282897949e-01
6.730580329895019531e-01 5.060285329818725586e-01 5.393773317337036133e-01
4.411458969116210938e-01 6.898553967475891113e-01 5.740119814872741699e-01
-4.454006254673004150e-01 7.942782640457153320e-01 4.132073521614074707e-01
1.440308690071105957e-01 8.715652227401733398e-01 4.686460494995117188e-01
4.480447769165039062e-01 7.867946624755859375e-01 4.245114922523498535e-01
4.517525732517242432e-01 8.284061551094055176e-01 3.311537802219390869e-01
-4.225974380970001221e-01 7.930665016174316406e-01 4.386991858482360840e-01
-4.094305336475372314e-01 8.410866856575012207e-01 3.534681499004364014e-01
-7.066059112548828125e-01 2.810011208057403564e-01 6.494200825691223145e-01
-5.090138912200927734e-01 4.132097661495208740e-01 7.550910711288452148e-01
6.989021897315979004e-01 2.871004045009613037e-01 6.550642251968383789e-01
5.058109760284423828e-01 4.147124588489532471e-01 7.564184665679931641e-01
-2.365136593580245972e-01 5.807613134384155273e-01 7.789592742919921875e-01
-2.051649689674377441e-01 5.696342587471008301e-01 7.958794236183166504e-01
3.962660133838653564e-01 6.740063428878784180e-01 6.234490871429443359e-01
4.657718539237976074e-01 7.566855549812316895e-01 4.587848484516143799e-01
-3.607436716556549072e-01 6.759482622146606445e-01 6.426180601119995117e-01
-4.524521827697753906e-01 7.574579715728759766e-01 4.706851541996002197e-01
-5.415225028991699219e-01 2.338499426841735840e-01 8.075069785118103027e-01
-4.608831107616424561e-01 2.576692104339599609e-01 8.492310643196105957e-01
5.388143658638000488e-01 2.346928715705871582e-01 8.090724349021911621e-01
4.655695259571075439e-01 2.551323175430297852e-01 8.474388122558593750e-01
-3.883791863918304443e-01 3.407418131828308105e-01 8.561872839927673340e-01
3.821403980255126953e-01 3.421601951122283936e-01 8.584259152412414551e-01
1.265732944011688232e-01 5.516256690025329590e-01 8.244321346282958984e-01
5.293297767639160156e-01 6.714997291564941406e-01 5.185537338256835938e-01
-1.108253449201583862e-01 5.456690192222595215e-01 8.306401968002319336e-01
-4.981498718261718750e-01 6.745691299438476562e-01 5.447965264320373535e-01
-2.881916463375091553e-01 2.171665132045745850e-01 9.326223134994506836e-01
-4.252809584140777588e-01 7.308521866798400879e-02 9.021056890487670898e-01
2.916615307331085205e-01 2.160584479570388794e-01 9.318006038665771484e-01
4.265040457248687744e-01 7.144400477409362793e-02 9.016596078872680664e-01
-3.340190947055816650e-01 1.520666778087615967e-01 9.302187561988830566e-01
3.356148004531860352e-01 1.513618230819702148e-01 9.297592639923095703e-01
-5.854103341698646545e-02 -8.639041334390640259e-02 9.945399165153503418e-01
6.030445918440818787e-02 -8.624901622533798218e-02 9.944468140602111816e-01
3.531382381916046143e-01 5.953476428985595703e-01 7.217025160789489746e-01
5.291466116905212402e-01 8.324111104011535645e-01 1.646072864532470703e-01
-3.532036244869232178e-01 5.964035987854003906e-01 7.207981348037719727e-01
-5.298747420310974121e-01 8.313102126121520996e-01 1.677975207567214966e-01
-1.461189938709139824e-03 -1.304918527603149414e-01 9.914483428001403809e-01
-4.177436057943850756e-04 -3.513006865978240967e-01 9.362626075744628906e-01
-1.360002458095550537e-01 -1.375025957822799683e-01 9.811202883720397949e-01
9.999313205480575562e-02 -2.110162675380706787e-01 9.723546504974365234e-01
1.371087878942489624e-01 -1.361448615789413452e-01 9.811553359031677246e-01
-1.054749265313148499e-01 -2.118247151374816895e-01 9.715994000434875488e-01
-1.050878316164016724e-03 -1.149173453450202942e-01 9.933745265007019043e-01
1.971033401787281036e-03 4.061586260795593262e-01 9.138004779815673828e-01
-4.713943600654602051e-01 5.445032715797424316e-01 6.937603950500488281e-01
-6.274902820587158203e-01 7.640543580055236816e-01 1.499227285385131836e-01
3.841188848018646240e-01 5.420055389404296875e-01 7.474508881568908691e-01
5.563651919364929199e-01 7.828148603439331055e-01 2.786730229854583740e-01
4.581823945045471191e-03 5.417401194572448730e-01 8.405334949493408203e-01
-3.838813900947570801e-01 5.669709444046020508e-01 7.288203239440917969e-01
-4.529074728488922119e-01 4.650731086730957031e-01 7.606456279754638672e-01
4.096854925155639648e-01 5.591917634010314941e-01 7.207373380661010742e-01
4.157920181751251221e-01 4.621910750865936279e-01 7.832601070404052734e-01
2.546627074480056763e-03 7.020611763000488281e-01 7.121121287345886230e-01
-5.132326483726501465e-01 6.443603634834289551e-01 5.669144392013549805e-01
-5.082256793975830078e-01 5.448274016380310059e-01 6.669855713844299316e-01
5.286855101585388184e-01 6.381409168243408203e-01 5.597032308578491211e-01
5.666392445564270020e-01 5.247354507446289062e-01 6.352736353874206543e-01
-1.191207952797412872e-02 8.297111988067626953e-01 5.580658912658691406e-01
-6.720307469367980957e-01 6.353145837783813477e-01 3.804603815078735352e-01
-4.540469348430633545e-01 6.544856429100036621e-01 6.045575737953186035e-01
6.912541389465332031e-01 6.204876899719238281e-01 3.703548610210418701e-01
4.729270339012145996e-01 6.438251137733459473e-01 6.015223860740661621e-01
-2.087271772325038910e-02 9.350540041923522949e-01 3.538903892040252686e-01
-6.529899239540100098e-01 7.150102257728576660e-01 2.497290074825286865e-01
-4.673549532890319824e-01 7.569865584373474121e-01 4.566734135150909424e-01
6.894809603691101074e-01 6.847734451293945312e-01 2.360112518072128296e-01
5.257418751716613770e-01 7.268311381340026855e-01 4.419412314891815186e-01
5.022482946515083313e-02 9.879102706909179688e-01 1.466657072305679321e-01
-5.693516135215759277e-01 8.011381030082702637e-01 1.844356954097747803e-01
-5.025140047073364258e-01 8.061977624893188477e-01 3.122895658016204834e-01
5.429433584213256836e-01 8.190937042236328125e-01 1.851971447467803955e-01
5.177856683731079102e-01 7.980163693428039551e-01 3.083307147026062012e-01
-8.116371631622314453e-01 5.604057908058166504e-01 1.648951172828674316e-01
-5.401794314384460449e-01 8.193072080612182617e-01 1.922022253274917603e-01
-5.588908195495605469e-01 7.345119714736938477e-01 3.848806917667388916e-01
-5.154954791069030762e-01 8.300054669380187988e-01 2.129679024219512939e-01
5.037499666213989258e-01 8.468174338340759277e-01 1.706930398941040039e-01
5.190255045890808105e-01 8.316702842712402344e-01 1.973246037960052490e-01
-3.106830175966024399e-03 9.946433305740356445e-01 1.033205613493919373e-01
4.770405590534210205e-01 8.123021125793457031e-01 3.355555832386016846e-01
6.657668948173522949e-01 7.081561088562011719e-01 2.350945621728897095e-01
-1.117591746151447296e-02 9.917207956314086914e-01 1.279254257678985596e-01
-4.017301797866821289e-01 7.516729831695556641e-01 5.230683684349060059e-01
-6.005520820617675781e-01 6.398122310638427734e-01 4.795596897602081299e-01
9.534350037574768066e-02 9.868699908256530762e-01 1.303737014532089233e-01
-9.921076148748397827e-02 9.840842485427856445e-01 1.474292725324630737e-01
4.814452230930328369e-01 6.529005765914916992e-01 5.847489237785339355e-01
4.966988861560821533e-01 7.506390810012817383e-01 4.356961846351623535e-01
-1.948043704032897949e-01 8.382970094680786133e-01 5.092244148254394531e-01
-3.290788531303405762e-01 6.475602984428405762e-01 6.872938275337219238e-01
1.955152004957199097e-01 8.379805088043212891e-01 5.094727277755737305e-01
3.289459347724914551e-01 6.475496888160705566e-01 6.873673796653747559e-01
-5.656022578477859497e-03 8.396582603454589844e-01 5.430855154991149902e-01
-1.574569195508956909e-01 8.120352029800415039e-01 5.619663000106811523e-01
9.500157088041305542e-03 8.389685750007629395e-01 5.440970063209533691e-01
1.591830402612686157e-01 8.659319877624511719e-01 4.741545319557189941e-01
1.974653005599975586e-01 7.796497941017150879e-01 5.942673087120056152e-01
-2.649941146373748779e-01 6.481280326843261719e-01 7.139384746551513672e-01
-5.135598778724670410e-01 8.504512310028076172e-01 -1.139690428972244263e-01
5.222695469856262207e-01 8.459090590476989746e-01 -1.080383509397506714e-01
-8.668807744979858398e-01 3.976646065711975098e-01 3.006336390972137451e-01
8.608419299125671387e-01 4.162178337574005127e-01 2.927692532539367676e-01
-8.164634555578231812e-02 9.429895281791687012e-01 3.226524889469146729e-01
-1.103577539324760437e-01 9.788600802421569824e-01 1.722038537263870239e-01
8.188078552484512329e-02 9.429861903190612793e-01 3.226028084754943848e-01
8.844112604856491089e-02 9.836909770965576172e-01 1.566213220357894897e-01
-8.900749683380126953e-02 8.588669300079345703e-01 5.044059157371520996e-01
9.019216895103454590e-02 8.582155108451843262e-01 5.053035020828247070e-01
-9.278372675180435181e-02 7.436252236366271973e-01 6.621273756027221680e-01
9.249908477067947388e-02 7.437468767166137695e-01 6.620306968688964844e-01
-1.058233827352523804e-01 5.720409750938415527e-01 8.133698701858520508e-01
1.054257825016975403e-01 5.719414949417114258e-01 8.134914040565490723e-01
-6.797198951244354248e-02 9.966707229614257812e-01 4.502585902810096741e-02
6.701312214136123657e-02 9.964247345924377441e-01 5.145002901554107666e-02
5.575605668127536774e-03 8.627887964248657227e-01 5.055337548255920410e-01
-6.079367995262145996e-01 5.525885820388793945e-01 5.701391696929931641e-01
9.430518001317977905e-02 4.663853943347930908e-01 8.795402646064758301e-01
-5.456438660621643066e-01 8.086919784545898438e-01 2.197500616312026978e-01
-3.024132251739501953e-01 9.525129199028015137e-01 3.557293489575386047e-02
-4.965173006057739258e-01 3.481829762458801270e-01 7.951347231864929199e-01
-9.708505868911743164e-01 2.396253794431686401e-01 5.362082738429307938e-03
-9.667129516601562500e-01 2.152999490499496460e-01 1.382461786270141602e-01
1.658769510686397552e-02 8.712757229804992676e-01 4.905135035514831543e-01
-9.199804067611694336e-02 4.645866751670837402e-01 8.807358145713806152e-01
3.351285755634307861e-01 6.637390255928039551e-01 6.686847805976867676e-01
5.360077023506164551e-01 8.160765767097473145e-01 2.161359786987304688e-01
3.453198969364166260e-01 9.383105039596557617e-01 1.809995807707309723e-02
6.870468258857727051e-01 2.400365918874740601e-01 6.858200430870056152e-01
9.731135964393615723e-01 2.252756059169769287e-01 -4.796610027551651001e-02
4.319671913981437683e-02 1.617013514041900635e-01 9.858938455581665039e-01
-4.532613605260848999e-02 1.632212698459625244e-01 9.855477213859558105e-01
-6.688339710235595703e-01 1.091480180621147156e-01 7.353554964065551758e-01
6.646698117256164551e-01 1.147827804088592529e-01 7.382675409317016602e-01
9.685822129249572754e-01 2.474511563777923584e-01 2.482517063617706299e-02
1.727257072925567627e-01 -6.383404135704040527e-02 9.828993082046508789e-01
-1.600687056779861450e-01 -6.037426367402076721e-02 9.852577447891235352e-01
-6.578558683395385742e-01 1.327569633722305298e-01 7.413509488105773926e-01
-9.881788492202758789e-01 1.485081017017364502e-01 -3.805095702409744263e-02
6.621551513671875000e-01 1.264764070510864258e-01 7.386164665222167969e-01
9.883108735084533691e-01 1.474799960851669312e-01 -3.861610218882560730e-02
8.724466711282730103e-02 -3.067388944327831268e-02 9.957145452499389648e-01
-8.048084378242492676e-02 -2.950037457048892975e-02 9.963195323944091797e-01
-6.930338144302368164e-01 1.779736876487731934e-01 6.985911130905151367e-01
-9.682049751281738281e-01 2.484108060598373413e-01 -2.951544895768165588e-02
6.889679431915283203e-01 1.941968053579330444e-01 6.982913613319396973e-01
9.693593382835388184e-01 2.439401000738143921e-01 -2.890831232070922852e-02
-1.591772437095642090e-01 -2.612307667732238770e-01 9.520614743232727051e-01
-9.167914986610412598e-01 8.958772569894790649e-02 3.891879320144653320e-01
-9.496755003929138184e-01 3.063623607158660889e-01 -6.525784730911254883e-02
1.819133460521697998e-01 -2.578371465206146240e-01 9.489086270332336426e-01
6.543754935264587402e-01 -1.454906761646270752e-01 7.420412302017211914e-01
9.696368575096130371e-01 2.443852275609970093e-01 8.949891664087772369e-03
-7.937752008438110352e-01 -3.312041759490966797e-01 5.101222395896911621e-01
-9.319857954978942871e-01 3.541382849216461182e-01 -7.738605886697769165e-02
-5.245611071586608887e-01 -6.858409643173217773e-01 5.044382214546203613e-01
8.101059794425964355e-01 -2.819362282752990723e-01 5.140430927276611328e-01
5.512334108352661133e-01 -6.757698059082031250e-01 4.893638193607330322e-01
-9.772852063179016113e-01 -1.260178834199905396e-01 1.703913807868957520e-01
-7.702825069427490234e-01 -6.321320533752441406e-01 8.410641551017761230e-02
9.766596555709838867e-01 -1.416322141885757446e-01 1.614812910556793213e-01
8.069957494735717773e-01 -5.836188793182373047e-01 9.026011079549789429e-02
9.234139323234558105e-01 3.825117349624633789e-01 -3.148862719535827637e-02
-9.764957427978515625e-01 -2.105483412742614746e-01 4.610302671790122986e-02
-7.739737033843994141e-01 -6.329030394554138184e-01 1.996285840868949890e-02
9.975041747093200684e-01 -5.039839446544647217e-02 4.945128783583641052e-02
8.384206295013427734e-01 -5.445526242256164551e-01 2.265592291951179504e-02
-7.531833052635192871e-01 6.562786698341369629e-01 4.487022385001182556e-02
9.016059041023254395e-01 4.289476573467254639e-01 5.577482655644416809e-02
-9.744523167610168457e-01 -2.211212515830993652e-01 3.934479132294654846e-02
-9.434339404106140137e-01 -3.315564393997192383e-01 1.675024745054543018e-03
9.950438737869262695e-01 -7.871475815773010254e-02 6.075862050056457520e-02
9.434339404106140137e-01 -3.315564393997192383e-01 1.675024745054543018e-03
-6.077098846435546875e-01 7.860523462295532227e-01 1.131832525134086609e-01
7.867903709411621094e-01 6.108011007308959961e-01 8.878562599420547485e-02
-9.966006875038146973e-01 4.654219374060630798e-02 6.797651946544647217e-02
-9.999451041221618652e-01 0.000000000000000000e+00 1.048281416296958923e-02
9.952271580696105957e-01 7.064152508974075317e-02 6.732501834630966187e-02
9.999451041221618652e-01 0.000000000000000000e+00 1.048281416296958923e-02
-7.666636109352111816e-01 6.108830571174621582e-01 1.976078748703002930e-01
7.929965853691101074e-01 5.825157165527343750e-01 1.784150898456573486e-01
-9.898204207420349121e-01 1.243658661842346191e-01 6.919967383146286011e-02
-8.944271802902221680e-01 -4.014724493026733398e-01 -1.970276236534118652e-01
9.898204207420349121e-01 1.243658661842346191e-01 6.919967383146286011e-02
8.944271802902221680e-01 -4.014724493026733398e-01 -1.970276236534118652e-01
-9.442442059516906738e-01 -2.147796154022216797e-01 -2.495448440313339233e-01
0.000000000000000000e+00 -7.335399985313415527e-01 -6.796462535858154297e-01
9.523876905441284180e-01 -2.038390487432479858e-01 -2.267316579818725586e-01
0.000000000000000000e+00 -7.335399985313415527e-01 -6.796462535858154297e-01
-8.652262687683105469e-01 4.078934788703918457e-01 2.915586531162261963e-01
8.661270737648010254e-01 4.080552160739898682e-01 2.886431813240051270e-01
-7.649177908897399902e-01 -3.056092858314514160e-01 -5.670130252838134766e-01
0.000000000000000000e+00 -6.356480121612548828e-01 -7.719790339469909668e-01
7.733926773071289062e-01 -2.981084287166595459e-01 -5.594596862792968750e-01
0.000000000000000000e+00 -6.356480121612548828e-01 -7.719790339469909668e-01
-8.184077143669128418e-01 -2.209884524345397949e-01 -5.304459929466247559e-01
0.000000000000000000e+00 -6.504133939743041992e-01 -7.595803737640380859e-01
8.148710727691650391e-01 -2.318519055843353271e-01 -5.312530994415283203e-01
0.000000000000000000e+00 -6.504133939743041992e-01 -7.595803737640380859e-01
-9.647927880287170410e-01 2.536484003067016602e-01 6.955210119485855103e-02
9.700268507003784180e-01 2.399686425924301147e-01 3.824792429804801941e-02
-8.670142889022827148e-01 -1.701799184083938599e-01 -4.683214426040649414e-01
0.000000000000000000e+00 -5.443906188011169434e-01 -8.388318419456481934e-01
8.549602031707763672e-01 -1.440351307392120361e-01 -4.982940256595611572e-01
0.000000000000000000e+00 -5.443906188011169434e-01 -8.388318419456481934e-01
-2.828128337860107422e-01 -2.175685763359069824e-01 -9.341738224029541016e-01
3.205605149269104004e-01 -2.148366719484329224e-01 -9.225433468818664551e-01
-8.950417041778564453e-01 -2.151483902707695961e-03 -4.459773600101470947e-01
-5.572148561477661133e-01 4.480497241020202637e-01 -6.991158723831176758e-01
9.084262847900390625e-01 -1.059373468160629272e-02 -4.179106354713439941e-01
5.809085965156555176e-01 4.542441368103027344e-01 -6.754312515258789062e-01
-9.612455368041992188e-01 2.176194489002227783e-01 -1.692595630884170532e-01
9.602183699607849121e-01 -2.274533212184906006e-01 -1.620052456855773926e-01
8.984625339508056641e-01 3.185397982597351074e-01 -3.021547794342041016e-01
-9.562150835990905762e-01 -8.208359777927398682e-02 -2.809183895587921143e-01
-8.514636158943176270e-01 5.000274777412414551e-01 -1.580578833818435669e-01
-6.027496457099914551e-01 7.472015619277954102e-01 -2.799692451953887939e-01
8.698142766952514648e-01 4.698153436183929443e-01 -1.506539583206176758e-01
5.591918230056762695e-01 7.703127861022949219e-01 -3.064679205417633057e-01
-8.893790841102600098e-01 4.565571844577789307e-01 2.366891130805015564e-02
-6.187751293182373047e-01 7.844285964965820312e-01 4.229980707168579102e-02
8.862298130989074707e-01 4.625608623027801514e-01 2.518169023096561432e-02
5.974792242050170898e-01 8.009988665580749512e-01 3.767509758472442627e-02
-8.814206719398498535e-01 4.598859846591949463e-01 1.077148243784904480e-01
-3.250168561935424805e-01 9.450768232345581055e-01 3.454895317554473877e-02
8.664442896842956543e-01 4.885149300098419189e-01 1.030900627374649048e-01
3.441880047321319580e-01 9.381564855575561523e-01 3.737873956561088562e-02
-7.816054224967956543e-01 6.225730180740356445e-01 3.867457807064056396e-02
-3.283530175685882568e-01 9.443157315254211426e-01 2.126150019466876984e-02
7.453296184539794922e-01 6.655032634735107422e-01 3.986364230513572693e-02
3.319304883480072021e-01 9.430529475212097168e-01 2.175424620509147644e-02
-7.282844781875610352e-01 6.840129494667053223e-01 4.156813025474548340e-02
-3.405810296535491943e-01 9.398083686828613281e-01 2.765652351081371307e-02
7.596575021743774414e-01 6.493719220161437988e-01 3.516341373324394226e-02
3.221515715122222900e-01 9.463572502136230469e-01 2.502879500389099121e-02
-9.061962962150573730e-01 4.127466678619384766e-01 9.191560000181198120e-02
9.107383489608764648e-01 4.003975093364715576e-01 1.011809557676315308e-01
-9.680853486061096191e-01 2.269591838121414185e-01 1.063032820820808411e-01
9.664649963378906250e-01 2.327029854059219360e-01 1.086044684052467346e-01
-9.645252823829650879e-01 2.539042532444000244e-01 7.227544486522674561e-02
9.578768610954284668e-01 2.790694236755371094e-01 6.776538491249084473e-02
-8.556839823722839355e-01 5.172235965728759766e-01 1.687169075012207031e-02
-8.947750926017761230e-01 4.437914788722991943e-01 4.926043003797531128e-02
9.017189145088195801e-01 4.293979406356811523e-01 5.020270124077796936e-02
8.841392397880554199e-01 4.671054780483245850e-01 1.050426159054040909e-02
-9.590708613395690918e-01 2.709688842296600342e-01 8.221332728862762451e-02
-9.522929787635803223e-01 2.892723977565765381e-01 9.726021438837051392e-02
9.584926962852478027e-01 2.739278078079223633e-01 7.909006625413894653e-02
9.501638412475585938e-01 2.956019043922424316e-01 9.903631359338760376e-02
-9.812139272689819336e-01 1.828292012214660645e-01 6.158534437417984009e-02
9.553839564323425293e-01 2.876431941986083984e-01 6.710387766361236572e-02
-9.442977905273437500e-01 3.287283778190612793e-01 1.547280326485633850e-02
9.280488491058349609e-01 3.720037937164306641e-01 1.839864253997802734e-02
-9.714224338531494141e-01 2.239582687616348267e-01 7.862040400505065918e-02
-9.298830628395080566e-01 3.505238592624664307e-01 1.115817204117774963e-01
9.678865671157836914e-01 2.387179136276245117e-01 7.879901677370071411e-02
9.247851967811584473e-01 3.640515208244323730e-01 1.106290295720100403e-01
-9.934301972389221191e-01 3.195655718445777893e-02 1.098872199654579163e-01
-9.935727715492248535e-01 2.369933063164353371e-03 1.131706237792968750e-01
9.933311343193054199e-01 2.880530431866645813e-02 1.116404011845588684e-01
9.935796260833740234e-01 -2.265876857563853264e-03 1.131121516227722168e-01
-9.961615204811096191e-01 4.506356641650199890e-02 7.504307478666305542e-02
9.961627125740051270e-01 4.505395889282226562e-02 7.503335177898406982e-02
-9.980223178863525391e-01 3.127162158489227295e-02 5.452958121895790100e-02
9.978855252265930176e-01 3.717024996876716614e-02 5.331781134009361267e-02
-9.995170831680297852e-01 2.864032797515392303e-02 -1.205671112984418869e-02
-9.790761470794677734e-01 2.014628499746322632e-01 2.868283540010452271e-02
9.996134638786315918e-01 2.648093737661838531e-02 -8.464551530778408051e-03
-9.979315996170043945e-01 -4.938118904829025269e-02 4.115878045558929443e-02
-9.989379048347473145e-01 -4.580454528331756592e-02 -4.993094131350517273e-03
9.979320168495178223e-01 -4.937282577157020569e-02 4.115921258926391602e-02
9.992941021919250488e-01 -3.663570061326026917e-02 -8.319328539073467255e-03
-9.947537183761596680e-01 -5.913001671433448792e-02 8.347903937101364136e-02
9.943497776985168457e-01 -6.072803586721420288e-02 8.706729859113693237e-02
-9.912337660789489746e-01 -6.926953792572021484e-02 1.125049516558647156e-01
9.906852245330810547e-01 -7.118692249059677124e-02 1.160828322172164917e-01
-9.884033799171447754e-01 -6.545008718967437744e-02 1.370217800140380859e-01
-9.881557822227478027e-01 -3.063153475522994995e-02 1.503657102584838867e-01
9.883890151977539062e-01 -6.570190191268920898e-02 1.370052844285964966e-01
9.880176782608032227e-01 -3.512891381978988647e-02 1.502899676561355591e-01
-8.962391018867492676e-01 4.294716119766235352e-01 1.109489426016807556e-01
-9.039837718009948730e-01 4.169549345970153809e-01 9.466717392206192017e-02
-9.960520267486572266e-01 -3.659391403198242188e-02 8.087739348411560059e-02
-4.633345901966094971e-01 8.623340129852294922e-01 -2.042087465524673462e-01
-8.864293694496154785e-01 4.592904150485992432e-01 5.740548670291900635e-02
8.937413096427917480e-01 4.347066283226013184e-01 1.107101142406463623e-01
9.016090631484985352e-01 4.220980107784271240e-01 9.452189505100250244e-02
9.933632016181945801e-01 -4.340254515409469604e-02 1.065163910388946533e-01
4.708896577358245850e-01 8.584054708480834961e-01 -2.034772485494613647e-01
9.191557168960571289e-01 3.916506767272949219e-01 4.198049381375312805e-02
-9.094702601432800293e-01 4.066554903984069824e-01 8.657439053058624268e-02
9.084458947181701660e-01 4.083344042301177979e-01 8.938156068325042725e-02
-9.450805783271789551e-01 3.235036134719848633e-01 4.656439274549484253e-02
9.450850486755371094e-01 3.234904408454895020e-01 4.656438156962394714e-02
-8.979287743568420410e-01 4.400625526905059814e-01 8.291171863675117493e-03
8.979423046112060547e-01 4.400350153446197510e-01 8.291929960250854492e-03
9.300591349601745605e-01 3.667373061180114746e-01 2.222144603729248047e-02
-1.021609455347061157e-01 2.929603755474090576e-01 9.506509900093078613e-01
1.022043600678443909e-01 2.926627397537231445e-01 9.507379531860351562e-01
8.047303557395935059e-02 9.276311397552490234e-01 -3.647252321243286133e-01
4.549222588539123535e-01 8.870071768760681152e-01 -7.914555072784423828e-02
5.823861956596374512e-01 5.928810238838195801e-01 5.561641454696655273e-01
-3.800810575485229492e-01 8.680338263511657715e-01 3.194615244865417480e-01
-3.299977779388427734e-01 9.205896258354187012e-01 2.088449746370315552e-01
-7.155805081129074097e-02 9.969307780265808105e-01 -3.175732865929603577e-02
3.238295763731002808e-02 9.892204999923706055e-01 -1.428079456090927124e-01
1.232367455959320068e-01 9.835572838783264160e-01 -1.320143043994903564e-01
-8.044916391372680664e-02 9.276385307312011719e-01 -3.647116720676422119e-01
-6.622148752212524414e-01 7.478172779083251953e-01 4.733776673674583435e-02
3.251709640026092529e-01 8.583942055702209473e-01 3.967659473419189453e-01
-4.634717702865600586e-01 8.857005238533020020e-01 -2.698995172977447510e-02
-6.624465435743331909e-02 9.957547783851623535e-01 6.390705704689025879e-02
5.374506115913391113e-02 9.624487161636352539e-01 2.660903930664062500e-01
-3.237708657979965210e-02 9.892205595970153809e-01 -1.428085565567016602e-01
-1.231902390718460083e-01 9.835646152496337891e-01 -1.320028901100158691e-01
5.560116767883300781e-01 7.977663874626159668e-01 2.332803308963775635e-01
-2.303424626588821411e-01 7.861944437026977539e-01 5.734463334083557129e-01
5.095244050025939941e-01 6.176972389221191406e-01 5.990284085273742676e-01
2.216754667460918427e-02 9.204363822937011719e-01 3.902631402015686035e-01
3.679446876049041748e-02 8.717117905616760254e-01 4.886356294155120850e-01
-5.528691411018371582e-01 8.007225394248962402e-01 2.306062132120132446e-01
-4.992787241935729980e-01 6.376804113388061523e-01 5.865870714187622070e-01
1.660940796136856079e-01 7.856731414794921875e-01 5.959281325340270996e-01
-6.059160828590393066e-01 1.412496715784072876e-01 7.828883528709411621e-01
3.708783984184265137e-01 8.946391940116882324e-01 2.491383105516433716e-01
4.923657979816198349e-03 8.251548409461975098e-01 5.648851990699768066e-01
-1.327652037143707275e-01 9.661362767219543457e-01 2.212558090686798096e-01
7.196628451347351074e-01 3.068612888455390930e-02 6.936452388763427734e-01
-1.673608422279357910e-01 7.896088361740112305e-01 5.903457999229431152e-01
-3.645702898502349854e-01 8.968184590339660645e-01 2.506098151206970215e-01
-8.635072037577629089e-03 8.202460408210754395e-01 5.719456672668457031e-01
1.368062794208526611e-01 9.641734361648559570e-01 2.272745817899703979e-01
2.002540081739425659e-01 2.771774306893348694e-02 9.793518781661987305e-01
8.092725276947021484e-01 3.611450549215078354e-03 5.874221920967102051e-01
-8.674587607383728027e-01 -4.823229461908340454e-02 4.951655268669128418e-01
-1.993282288312911987e-01 -3.603304922580718994e-02 9.792700409889221191e-01
8.844243884086608887e-01 4.207496717572212219e-02 4.647829830646514893e-01
8.543433547019958496e-01 1.325609683990478516e-01 5.025186538696289062e-01
-8.624942302703857422e-01 1.269017308950424194e-01 4.898976087570190430e-01
-8.926942348480224609e-01 4.283526912331581116e-02 4.486225247383117676e-01
8.785436153411865234e-01 2.977599576115608215e-02 4.767332077026367188e-01
7.174018621444702148e-01 -3.393315970897674561e-01 6.084313988685607910e-01
-7.326425909996032715e-01 -3.534572720527648926e-01 5.816379785537719727e-01
-8.859093785285949707e-01 2.812355384230613708e-02 4.630051553249359131e-01
6.746985912322998047e-01 -6.029357314109802246e-01 4.257349967956542969e-01
5.054231882095336914e-01 -7.719418406486511230e-01 3.855557441711425781e-01
-5.051370263099670410e-01 -7.779229879379272461e-01 3.737276792526245117e-01
-6.805000901222229004e-01 -6.263937950134277344e-01 3.801980316638946533e-01
2.452350854873657227e-01 -5.590288043022155762e-01 7.920521497726440430e-01
1.767625808715820312e-01 -9.833047986030578613e-01 4.320446401834487915e-02
-1.735503971576690674e-01 -9.839068055152893066e-01 4.251654818654060364e-02
-2.452362328767776489e-01 -5.590248703956604004e-01 7.920545935630798340e-01
-1.072641983628273010e-01 2.269020378589630127e-01 9.679927229881286621e-01
-4.978851377964019775e-01 -8.671272397041320801e-01 1.416532974690198898e-02
4.929266273975372314e-01 -8.699475526809692383e-01 1.464875321835279465e-02
1.097692325711250305e-01 2.291184365749359131e-01 9.671893715858459473e-01
-2.999735772609710693e-01 -1.202252060174942017e-01 9.463412761688232422e-01
-8.360087871551513672e-01 -4.929354488849639893e-01 2.410475313663482666e-01
8.249706625938415527e-01 -5.115635991096496582e-01 2.402624040842056274e-01
2.845661640167236328e-01 -1.301729530096054077e-01 9.497773647308349609e-01
-5.437227487564086914e-01 -2.995570935308933258e-02 8.387300968170166016e-01
-8.638716936111450195e-01 -1.086268126964569092e-01 4.918596148490905762e-01
8.821117877960205078e-01 -9.967608749866485596e-02 4.603732228279113770e-01
5.386866927146911621e-01 -1.044601574540138245e-02 8.424414396286010742e-01
-7.341274619102478027e-01 4.934957623481750488e-02 6.772159337997436523e-01
-8.374654650688171387e-01 2.572408318519592285e-01 4.821605682373046875e-01
8.490169644355773926e-01 2.484587579965591431e-01 4.663029015064239502e-01
7.293283343315124512e-01 5.201173946261405945e-02 6.821840405464172363e-01
-7.347701787948608398e-01 3.474609851837158203e-01 5.825663208961486816e-01
-6.863945126533508301e-01 5.835531949996948242e-01 4.339678883552551270e-01
6.815156936645507812e-01 5.901862978935241699e-01 4.326852858066558838e-01
7.373560667037963867e-01 3.374009430408477783e-01 5.852064490318298340e-01
-6.407490968704223633e-01 6.937679648399353027e-01 3.288260400295257568e-01
-4.379643797874450684e-01 8.423702120780944824e-01 3.140057921409606934e-01
4.358809292316436768e-01 8.405628800392150879e-01 3.216548860073089600e-01
6.368110179901123047e-01 6.964614391326904297e-01 3.307765722274780273e-01
-2.750300168991088867e-01 7.174267172813415527e-01 6.400448679924011230e-01
2.748818993568420410e-01 7.113774418830871582e-01 6.468247175216674805e-01
-9.833181500434875488e-01 -1.610668003559112549e-02 -1.811797469854354858e-01
-9.153056740760803223e-01 5.175103247165679932e-02 -3.994213044643402100e-01
-8.599091768264770508e-01 3.849102929234504700e-02 -5.089938044548034668e-01
-9.710860252380371094e-01 3.196389973163604736e-02 -2.365803420543670654e-01
-9.972783923149108887e-01 -2.874056994915008545e-02 -6.789533793926239014e-02
9.091493487358093262e-01 6.924629956483840942e-02 -4.106730520725250244e-01
9.721422791481018066e-01 4.813048616051673889e-02 -2.293967604637145996e-01
8.967279195785522461e-01 7.003386318683624268e-02 -4.370060563087463379e-01
9.903371334075927734e-01 1.402223855257034302e-02 -1.379696130752563477e-01
-8.394394516944885254e-01 3.430869877338409424e-01 -4.214650988578796387e-01
-9.426768422126770020e-01 1.331342309713363647e-01 3.059995174407958984e-01
-7.262607216835021973e-01 2.429733276367187500e-01 -6.430468559265136719e-01
8.411495089530944824e-01 3.361149430274963379e-01 -4.236676692962646484e-01
7.293022274971008301e-01 2.372405380010604858e-01 -6.417438387870788574e-01
9.673372507095336914e-01 -2.666531689465045929e-02 -2.520864605903625488e-01
9.408189654350280762e-01 1.429030597209930420e-01 3.073081672191619873e-01
-7.595800757408142090e-01 3.715533912181854248e-01 5.338409543037414551e-01
7.647017240524291992e-01 3.631653487682342529e-01 5.322990417480468750e-01
-4.229095280170440674e-01 2.913281619548797607e-01 -8.580649495124816895e-01
-5.267337560653686523e-01 5.354649424552917480e-01 -6.601733565330505371e-01
4.159863591194152832e-01 2.926798760890960693e-01 -8.609842061996459961e-01
5.329453349113464355e-01 5.385750532150268555e-01 -6.526149511337280273e-01
-9.885049462318420410e-01 -1.369932480156421661e-02 -1.505665481090545654e-01
9.891065359115600586e-01 -2.170975506305694580e-02 -1.455922871828079224e-01
-9.236397743225097656e-01 1.923947036266326904e-01 -3.314721882343292236e-01
9.283308982849121094e-01 1.807687282562255859e-01 -3.248451650142669678e-01
-7.530721426010131836e-01 2.773642838001251221e-01 -5.966166853904724121e-01
7.511425018310546875e-01 2.761445045471191406e-01 -5.996075868606567383e-01
-4.678838253021240234e-01 3.315103650093078613e-01 -8.192591667175292969e-01
-7.479118704795837402e-01 1.488813906908035278e-01 -6.468865871429443359e-01
4.681057035923004150e-01 3.284315764904022217e-01 -8.203717470169067383e-01
6.100537180900573730e-01 2.040851712226867676e-01 -7.656263709068298340e-01
-9.823619127273559570e-01 1.419973224401473999e-01 -1.216628849506378174e-01
9.839136600494384766e-01 1.348549127578735352e-01 -1.171664297580718994e-01
-9.303300976753234863e-01 1.848655492067337036e-01 -3.167185187339782715e-01
9.285591840744018555e-01 1.919235885143280029e-01 -3.177153766155242920e-01
-7.948882579803466797e-01 3.197807669639587402e-01 -5.156480669975280762e-01
7.979198694229125977e-01 3.195656239986419678e-01 -5.110791325569152832e-01
-4.095045626163482666e-01 5.289334058761596680e-01 -7.433272600173950195e-01
-6.653980612754821777e-01 3.364396691322326660e-01 -6.663736701011657715e-01
4.095212221145629883e-01 5.289292931556701660e-01 -7.433210611343383789e-01
7.400966286659240723e-01 2.801679372787475586e-01 -6.113615036010742188e-01
-9.509929418563842773e-01 1.443607062101364136e-01 -2.734452486038208008e-01
9.445941448211669922e-01 1.619855761528015137e-01 -2.854867875576019287e-01
-8.797263503074645996e-01 3.321395814418792725e-01 -3.402423262596130371e-01
8.787502646446228027e-01 3.334936797618865967e-01 -3.414381444454193115e-01
-7.094138860702514648e-01 5.112792849540710449e-01 -4.851035773754119873e-01
7.164011001586914062e-01 5.049810409545898438e-01 -4.814183413982391357e-01
-3.513356745243072510e-01 7.011761069297790527e-01 -6.204153895378112793e-01
-8.026216626167297363e-01 4.100636839866638184e-01 -4.331815838813781738e-01
3.495002985000610352e-01 7.028293013572692871e-01 -6.195808649063110352e-01
8.001761436462402344e-01 4.101708233356475830e-01 -4.375818967819213867e-01
-8.942849636077880859e-01 3.684768080711364746e-01 -2.539278566837310791e-01
8.893104195594787598e-01 3.728001713752746582e-01 -2.648525238037109375e-01
-8.589165806770324707e-01 4.092160165309906006e-01 -3.079034090042114258e-01
8.603990674018859863e-01 4.072451293468475342e-01 -3.063737452030181885e-01
-6.889825463294982910e-01 6.043671965599060059e-01 -4.000541567802429199e-01
6.849567294120788574e-01 6.085334420204162598e-01 -4.006509780883789062e-01
-3.297091722488403320e-01 8.308644890785217285e-01 -4.482812285423278809e-01
-7.926395535469055176e-01 5.460316538810729980e-01 -2.712417840957641602e-01
3.240825235843658447e-01 8.335910439491271973e-01 -4.473214149475097656e-01
7.929803133010864258e-01 5.459753870964050293e-01 -2.703574895858764648e-01
-9.766986370086669922e-01 1.849811226129531860e-01 -1.088193804025650024e-01
9.708189368247985840e-01 2.147970795631408691e-01 -1.066435128450393677e-01
-6.024283170700073242e-01 7.625772953033447266e-01 -2.357033789157867432e-01
-9.359471797943115234e-01 3.343312144279479980e-01 -1.105683445930480957e-01
6.025075912475585938e-01 7.627571225166320801e-01 -2.349172979593276978e-01
9.352909326553344727e-01 3.363989889621734619e-01 -1.098482534289360046e-01
-4.121538102626800537e-01 8.815960884094238281e-01 -2.300383448600769043e-01
-7.195218801498413086e-01 6.785095930099487305e-01 -1.480301916599273682e-01
4.108385443687438965e-01 8.814247846603393555e-01 -2.330282777547836304e-01
7.212216854095458984e-01 6.766630411148071289e-01 -1.482105702161788940e-01
-9.972266554832458496e-01 -5.572023987770080566e-02 4.933785647153854370e-02
9.962969422340393066e-01 -7.172535359859466553e-02 4.741127789020538330e-02
-8.769218325614929199e-01 4.783118069171905518e-01 -4.718030244112014771e-02
8.863103985786437988e-01 4.600448012351989746e-01 -5.303382873535156250e-02
-2.537725865840911865e-01 9.500811100006103516e-01 -1.815085411071777344e-01
-5.248475074768066406e-01 8.505704998970031738e-01 -3.263293951749801636e-02
5.263457298278808594e-01 8.495169878005981445e-01 -3.579049929976463318e-02
2.574065625667572021e-01 9.487097859382629395e-01 -1.835529953241348267e-01
-3.149706125259399414e-01 9.490155577659606934e-01 -1.276671420782804489e-02
-1.731334179639816284e-01 9.845168590545654297e-01 -2.741068229079246521e-02
-2.679375410079956055e-01 9.577472805976867676e-01 -1.045446991920471191e-01
3.149760663509368896e-01 9.490137100219726562e-01 -1.276783552020788193e-02
1.571509242057800293e-01 9.874376058578491211e-01 -1.644605211913585663e-02
2.704751789569854736e-01 9.573291540145874023e-01 -1.018043309450149536e-01
-9.976772069931030273e-01 3.697637841105461121e-02 -5.720826610922813416e-02
9.963458180427551270e-01 -8.224082179367542267e-03 -8.501321077346801758e-02
-9.048848748207092285e-01 4.214937686920166016e-01 5.938345938920974731e-02
9.083837866783142090e-01 4.133549630641937256e-01 6.305874139070510864e-02
-5.726982355117797852e-01 7.939884066581726074e-01 2.039587646722793579e-01
5.716891288757324219e-01 7.915796637535095215e-01 2.158082127571105957e-01
-3.514167666435241699e-01 9.118695259094238281e-01 2.121324539184570312e-01
3.530962765216827393e-01 9.106729626655578613e-01 2.144706994295120239e-01
2.179626673460006714e-01 9.552876949310302734e-01 1.997941285371780396e-01
-1.130215823650360107e-02 9.974696636199951172e-01 7.018931955099105835e-02
2.127802371978759766e-02 9.858605861663818359e-01 1.662112623453140259e-01
-6.269443035125732422e-02 9.729027748107910156e-01 2.225522845983505249e-01
3.444491699337959290e-02 9.977936148643493652e-01 5.675684288144111633e-02
-3.558374345302581787e-01 8.962687253952026367e-01 2.647305130958557129e-01
-2.115170359611511230e-01 9.669552445411682129e-01 1.423314809799194336e-01
-4.334770441055297852e-01 8.531040549278259277e-01 2.903637588024139404e-01
1.568889319896697998e-01 9.776616096496582031e-01 1.398703604936599731e-01
4.371425211429595947e-01 8.517867922782897949e-01 2.887312769889831543e-01
3.737592697143554688e-01 8.036797046661376953e-01 4.630366861820220947e-01
5.207335203886032104e-02 9.982839226722717285e-01 2.678660489618778229e-02
-4.526960104703903198e-02 9.986038804054260254e-01 2.721908129751682281e-02
2.002073824405670166e-01 9.042437076568603516e-01 3.771743774414062500e-01
-4.358265548944473267e-02 9.565665125846862793e-01 2.882378399372100830e-01
1.566399037837982178e-01 9.607562422752380371e-01 2.289352118968963623e-01
-1.902295053005218506e-01 9.260078668594360352e-01 3.260708749294281006e-01
-8.639386855065822601e-03 9.621270298957824707e-01 2.724643945693969727e-01
-1.632392406463623047e-01 9.562406539916992188e-01 2.428101897239685059e-01
-2.426193095743656158e-02 9.674183726310729980e-01 2.520180046558380127e-01
-1.327229104936122894e-02 9.695076346397399902e-01 2.447013556957244873e-01
2.570520043373107910e-01 9.300853013992309570e-01 2.624223232269287109e-01
-5.237844586372375488e-01 8.207674622535705566e-01 2.280145734548568726e-01
-2.959375381469726562e-01 9.136886596679687500e-01 2.785571813583374023e-01
5.189688801765441895e-01 8.229406476020812988e-01 2.311709374189376831e-01
-5.683699846267700195e-01 7.465284466743469238e-01 3.459057509899139404e-01
5.715672373771667480e-01 7.423284053802490234e-01 3.496562540531158447e-01
-8.496257662773132324e-01 4.669250249862670898e-01 2.451880723237991333e-01
8.395236134529113770e-01 4.766413569450378418e-01 2.607934176921844482e-01
-9.826436042785644531e-01 1.682953089475631714e-01 7.802708446979522705e-02
9.803630709648132324e-01 1.811023056507110596e-01 7.803948223590850830e-02
-6.798390150070190430e-01 6.477923393249511719e-01 3.437789976596832275e-01
6.819769740104675293e-01 6.478433609008789062e-01 3.394206464290618896e-01
-8.342165946960449219e-01 3.842602968215942383e-01 3.955082595348358154e-01
8.320835232734680176e-01 3.911401033401489258e-01 3.932510912418365479e-01
-8.725752234458923340e-01 3.638751804828643799e-01 3.258946239948272705e-01
8.725731968879699707e-01 3.638685345649719238e-01 3.259073793888092041e-01
7.902366518974304199e-01 1.139257699251174927e-01 6.021186709403991699e-01
2.435985207557678223e-01 4.681001901626586914e-01 8.494362831115722656e-01
5.055148005485534668e-01 3.064940571784973145e-01 8.065457940101623535e-01
-4.408823847770690918e-01 3.839457035064697266e-01 8.113004565238952637e-01
-7.758910059928894043e-01 1.362231671810150146e-01 6.159842014312744141e-01
-5.620200634002685547e-01 2.881545722484588623e-01 7.753066420555114746e-01
6.501251459121704102e-01 6.303452253341674805e-01 4.242666959762573242e-01
6.456860899925231934e-01 6.302939057350158691e-01 4.310672879219055176e-01
-6.501215696334838867e-01 6.303561329841613770e-01 4.242558479309082031e-01
-5.953395366668701172e-01 6.774699091911315918e-01 4.319783449172973633e-01
1.795834898948669434e-01 7.639070749282836914e-01 6.198352575302124023e-01
3.658227622509002686e-01 8.533517122268676758e-01 3.714357912540435791e-01
-1.788222789764404297e-01 7.608565688133239746e-01 6.237947940826416016e-01
-3.487699329853057861e-01 8.667438626289367676e-01 3.565313816070556641e-01
1.050485763698816299e-02 6.840448975563049316e-01 7.293642759323120117e-01
-1.174555253237485886e-02 6.771137118339538574e-01 7.357846498489379883e-01
-2.059207260608673096e-01 6.458241343498229980e-01 7.351924180984497070e-01
-2.153069508494809270e-04 9.409757256507873535e-01 3.384738564491271973e-01
2.048512995243072510e-01 6.465786099433898926e-01 7.348279356956481934e-01
-3.668382763862609863e-03 9.409365653991699219e-01 3.385629057884216309e-01
-5.526607036590576172e-01 6.821049451828002930e-01 4.788517951965332031e-01
-2.866184711456298828e-01 8.791196346282958984e-01 3.807867467403411865e-01
5.526639819145202637e-01 6.821041107177734375e-01 4.788491725921630859e-01
2.852383553981781006e-01 8.800578713417053223e-01 3.796540200710296631e-01
-6.716781258583068848e-01 3.523765206336975098e-01 6.516742110252380371e-01
7.200780510902404785e-01 3.444880247116088867e-01 6.023417115211486816e-01
-5.861400365829467773e-01 6.623440980911254883e-01 4.666264057159423828e-01
5.849854350090026855e-01 6.637037396430969238e-01 4.661430418491363525e-01
-3.435999453067779541e-01 2.169694304466247559e-01 9.137086272239685059e-01
-6.083976030349731445e-01 3.106326162815093994e-01 7.303148508071899414e-01
-6.909531354904174805e-01 4.118292629718780518e-01 5.941215753555297852e-01
4.756073355674743652e-01 2.657245993614196777e-01 8.385631442070007324e-01
6.938453912734985352e-01 3.801898658275604248e-01 6.115834116935729980e-01
6.382090598344802856e-02 5.932605862617492676e-01 8.024767041206359863e-01
-6.772699952125549316e-02 5.915068387985229492e-01 8.034505248069763184e-01
6.109259128570556641e-01 3.306837379932403564e-01 7.193175554275512695e-01
3.221029639244079590e-01 8.124347925186157227e-01 4.860033094882965088e-01
-3.191828131675720215e-01 8.011286258697509766e-01 5.062758922576904297e-01
2.423643022775650024e-01 8.582782149314880371e-01 4.523473083972930908e-01
-8.692560717463493347e-03 9.812375903129577637e-01 1.926065534353256226e-01
-2.393460124731063843e-01 8.482667207717895508e-01 4.723951220512390137e-01
6.879782769829034805e-03 9.798485040664672852e-01 1.996240019798278809e-01
-5.363542214035987854e-02 6.369878649711608887e-01 7.690056562423706055e-01
-6.605932954698801041e-03 9.691127538681030273e-01 2.465294599533081055e-01
5.100906267762184143e-02 6.395369172096252441e-01 7.670662403106689453e-01
5.330860614776611328e-03 9.690307974815368652e-01 2.468821406364440918e-01
-5.410007238388061523e-01 2.196608036756515503e-01 8.118296265602111816e-01
5.385867953300476074e-01 2.181703150272369385e-01 8.138341307640075684e-01
-1.192976087331771851e-01 5.440627336502075195e-01 8.305202722549438477e-01
1.185860037803649902e-01 5.435221791267395020e-01 8.309758901596069336e-01
-4.164589643478393555e-01 8.884523510932922363e-01 1.929100602865219116e-01
4.164402484893798828e-01 8.884610533714294434e-01 1.929106265306472778e-01
-3.489172160625457764e-01 8.758105039596557617e-01 3.334856033325195312e-01
3.431416451930999756e-01 8.753808736801147461e-01 3.405323028564453125e-01
-5.302003622055053711e-01 8.463273644447326660e-01 -5.116110295057296753e-02
5.262565612792968750e-01 8.491744399070739746e-01 -4.423689097166061401e-02
-1.095856651663780212e-01 7.665511369705200195e-01 6.327640414237976074e-01
1.127307638525962830e-01 5.411714315414428711e-01 8.333218693733215332e-01
6.854457408189773560e-02 7.588940858840942383e-01 6.475965976715087891e-01
-1.369994431734085083e-01 5.248580574989318848e-01 8.400923609733581543e-01
7.178411819040775299e-03 4.534910619258880615e-01 8.912319540977478027e-01
-2.918387390673160553e-02 4.347952008247375488e-01 9.000563025474548340e-01
7.551510334014892578e-01 5.978004336357116699e-01 2.690385282039642334e-01
-7.650915384292602539e-01 6.057405471801757812e-01 2.184340059757232666e-01
-7.155033946037292480e-01 3.392319977283477783e-01 6.107180118560791016e-01
7.099049687385559082e-01 3.362399339675903320e-01 6.188518404960632324e-01
-8.247227668762207031e-01 2.783396542072296143e-01 4.923001229763031006e-01
8.247166872024536133e-01 2.783288061618804932e-01 4.923164546489715576e-01
-8.246526122093200684e-01 2.513238787651062012e-01 5.067389607429504395e-01
8.172763586044311523e-01 2.509050965309143066e-01 5.187543034553527832e-01
-7.993098497390747070e-01 2.244663536548614502e-01 5.574214458465576172e-01
7.889074087142944336e-01 2.225097119808197021e-01 5.728127956390380859e-01
-6.869594454765319824e-01 8.297573029994964600e-02 7.219430208206176758e-01
6.760177612304687500e-01 6.810706853866577148e-02 7.337312102317810059e-01
-6.436243653297424316e-01 -4.767683148384094238e-02 7.638550996780395508e-01
-3.835106492042541504e-01 1.520721167325973511e-01 9.109300971031188965e-01
6.493853330612182617e-01 -4.494614154100418091e-02 7.591301202774047852e-01
3.868518769741058350e-01 1.552907079458236694e-01 9.089721441268920898e-01
-1.149238571524620056e-01 2.148905694484710693e-01 9.698528647422790527e-01
1.147484704852104187e-01 2.145356386899948120e-01 9.699522256851196289e-01
-9.129856824874877930e-01 3.385486900806427002e-01 2.276885658502578735e-01
-8.840727210044860840e-01 3.874064087867736816e-01 2.614032030105590820e-01
-9.258747100830078125e-01 2.874430418014526367e-01 2.452191263437271118e-01
9.108449220657348633e-01 3.436864912509918213e-01 2.285630106925964355e-01
8.724828362464904785e-01 4.127902388572692871e-01 2.614914774894714355e-01
9.170696735382080078e-01 3.118051886558532715e-01 2.485170960426330566e-01
-9.868147969245910645e-01 1.156958565115928650e-02 1.614393740892410278e-01
9.871376752853393555e-01 9.974499233067035675e-03 1.595602333545684814e-01
-9.278647899627685547e-01 2.722526192665100098e-01 2.548440992832183838e-01
9.276298284530639648e-01 2.775462567806243896e-01 2.499420493841171265e-01
-8.674842119216918945e-01 2.842869758605957031e-01 -4.082303345203399658e-01
-9.065237641334533691e-01 3.350693583488464355e-01 -2.567939758300781250e-01
-6.669544577598571777e-01 4.369005262851715088e-01 -6.035642027854919434e-01
-9.000687003135681152e-01 1.959175169467926025e-01 -3.892208337783813477e-01
8.701997399330139160e-01 2.847335338592529297e-01 -4.020935893058776855e-01
9.029232263565063477e-01 3.449415266513824463e-01 -2.564078867435455322e-01
6.675651669502258301e-01 4.334457218647003174e-01 -6.053771972656250000e-01
9.002472162246704102e-01 1.961004585027694702e-01 -3.887153267860412598e-01
-9.445670843124389648e-01 2.041717022657394409e-01 -2.571128010749816895e-01
-9.973919987678527832e-01 1.479242369532585144e-02 -7.064279913902282715e-02
9.451758265495300293e-01 2.033354043960571289e-01 -2.555335164070129395e-01
9.922596216201782227e-01 7.959136366844177246e-02 -9.531991928815841675e-02
-9.242027401924133301e-01 3.469337224960327148e-01 -1.596442013978958130e-01
-9.143295884132385254e-01 3.824608623981475830e-01 -1.331362426280975342e-01
-8.149121403694152832e-01 4.625880122184753418e-01 -3.491854071617126465e-01
9.197155833244323730e-01 3.577562868595123291e-01 -1.616592109203338623e-01
9.131564497947692871e-01 3.857277333736419678e-01 -1.317547112703323364e-01
7.669435143470764160e-01 6.041431427001953125e-01 -2.163532078266143799e-01
-9.477434754371643066e-01 3.082629442214965820e-01 -8.219611644744873047e-02
-9.025077223777770996e-01 4.271105527877807617e-01 5.528434738516807556e-02
9.477353096008300781e-01 3.082858324050903320e-01 -8.220417797565460205e-02
8.771092891693115234e-01 4.720846116542816162e-01 8.840487152338027954e-02
-8.828239440917968750e-01 4.526342153549194336e-01 -1.254758238792419434e-01
-9.618691802024841309e-01 2.502913773059844971e-01 -1.102808937430381775e-01
8.737096786499023438e-01 4.702297449111938477e-01 -1.245609074831008911e-01
9.822888970375061035e-01 1.466059535741806030e-01 -1.166848763823509216e-01
-8.593045473098754883e-01 5.050069689750671387e-01 -8.101729303598403931e-02
-8.385893106460571289e-01 5.390245318412780762e-01 -7.886987924575805664e-02
-7.677016258239746094e-01 6.382395029067993164e-01 -5.731121823191642761e-02
-8.944700360298156738e-01 4.470656812191009521e-01 -7.464054040610790253e-03
-9.578844904899597168e-01 2.762052714824676514e-01 -7.853628695011138916e-02
-9.138557314872741699e-01 4.059830307960510254e-01 6.744366604834794998e-03
8.388593196868896484e-01 5.391802191734313965e-01 -7.483161985874176025e-02
8.665298819541931152e-01 4.935686588287353516e-01 -7.426947355270385742e-02
7.908855676651000977e-01 6.087616086006164551e-01 -6.252556294202804565e-02
9.025121331214904785e-01 4.305499494075775146e-01 -9.922617115080356598e-03
9.447760581970214844e-01 3.174160420894622803e-01 -8.151917904615402222e-02
9.106968641281127930e-01 4.130305647850036621e-01 6.083053536713123322e-03
-3.979992270469665527e-01 9.168774485588073730e-01 -3.053456544876098633e-02
-7.694493532180786133e-01 6.309350728988647461e-01 -9.934107959270477295e-02
-4.800726473331451416e-01 8.285653591156005859e-01 -2.881140112876892090e-01
3.979462981224060059e-01 9.168736934661865234e-01 -3.132815659046173096e-02
7.631171345710754395e-01 6.394398212432861328e-01 -9.364224970340728760e-02
4.816229641437530518e-01 8.312411308288574219e-01 -2.776281535625457764e-01
-9.678321480751037598e-01 2.438949495553970337e-01 -6.177513301372528076e-02
9.542806744575500488e-01 2.678402662277221680e-01 -1.327025443315505981e-01
-9.683282375335693359e-01 2.051521241664886475e-01 -1.423131525516510010e-01
8.865199089050292969e-01 -2.196636646986007690e-01 4.072227180004119873e-01
9.440281987190246582e-01 2.548476159572601318e-01 -2.094361186027526855e-01
9.557475447654724121e-01 1.952389180660247803e-01 -2.200646698474884033e-01
-8.137121796607971191e-01 4.797214269638061523e-01 -3.282375931739807129e-01
-9.604339003562927246e-01 2.384295463562011719e-01 -1.439377516508102417e-01
9.678198695182800293e-01 2.119180113077163696e-01 -1.357035934925079346e-01
6.948031783103942871e-01 6.010535359382629395e-01 -3.949471712112426758e-01
-9.818279147148132324e-01 1.798754036426544189e-01 -6.048804149031639099e-02
9.824070334434509277e-01 1.747969985008239746e-01 -6.574568897485733032e-02
-9.847218394279479980e-01 1.651111096143722534e-01 -5.532949045300483704e-02
9.834721684455871582e-01 -1.720078438520431519e-01 5.653292685747146606e-02
-9.527913331985473633e-01 -2.946512997150421143e-01 7.327575236558914185e-02
-9.834721684455871582e-01 -1.720078438520431519e-01 5.653292685747146606e-02
-8.502679467201232910e-01 5.191452503204345703e-01 -8.679028600454330444e-02
-9.641489982604980469e-01 2.615613937377929688e-01 -4.474803060293197632e-02
9.625800848007202148e-01 2.652836143970489502e-01 -5.535608530044555664e-02
7.814223766326904297e-01 6.173547506332397461e-01 -9.084150195121765137e-02
-9.394171237945556641e-01 3.405173420906066895e-01 3.928614780306816101e-02
9.384201765060424805e-01 3.449793756008148193e-01 1.889015734195709229e-02
-9.502453804016113281e-01 3.114934861660003662e-01 -2.366180531680583954e-03
9.502364993095397949e-01 3.115205764770507812e-01 -2.346608787775039673e-03
-9.554103612899780273e-01 2.228200249373912811e-02 2.944392263889312744e-01
-9.941557049751281738e-01 -1.078984215855598450e-01 -3.528726054355502129e-03
-9.298536777496337891e-01 8.614949882030487061e-02 3.577015399932861328e-01
9.551692008972167969e-01 3.643523901700973511e-02 2.938097715377807617e-01
9.286417365074157715e-01 9.040461480617523193e-02 3.597937822341918945e-01
-6.088524311780929565e-02 -1.489596366882324219e-01 -9.869670867919921875e-01
-9.999057054519653320e-01 -3.897565416991710663e-03 -1.316718012094497681e-02
-9.967547059059143066e-01 5.812925845384597778e-02 -5.568563193082809448e-02
-9.036974310874938965e-01 3.059261441230773926e-01 2.995665967464447021e-01
9.998733401298522949e-01 -4.517778288573026657e-03 -1.526285614818334579e-02
9.974622726440429688e-01 4.599842429161071777e-02 -5.434251949191093445e-02
9.316695928573608398e-01 2.809521853923797607e-01 2.303424775600433350e-01
-9.098920822143554688e-01 3.544886708259582520e-01 -2.154860943555831909e-01
8.988602161407470703e-01 3.829490244388580322e-01 -2.130736559629440308e-01
-9.946496486663818359e-01 9.506726264953613281e-02 -4.042551666498184204e-02
9.933409690856933594e-01 1.038958802819252014e-01 -4.979307204484939575e-02
-9.758950471878051758e-01 2.178541570901870728e-01 -1.298139896243810654e-02
9.778175354003906250e-01 2.091110795736312866e-01 -1.205678936094045639e-02
-9.464535117149353027e-01 3.202753067016601562e-01 -4.061394929885864258e-02
9.464597702026367188e-01 3.202570378780364990e-01 -4.061234742403030396e-02
-4.765581190586090088e-01 1.665428131818771362e-01 -8.632241487503051758e-01
-5.064446926116943359e-01 4.906665980815887451e-01 -7.090556621551513672e-01
-3.413340449333190918e-01 8.163544535636901855e-02 -9.363902807235717773e-01
-2.483785152435302734e-01 6.856320500373840332e-01 -6.842637062072753906e-01
-2.858966886997222900e-01 5.377069711685180664e-01 -7.931798100471496582e-01
4.773096740245819092e-01 1.917231231927871704e-01 -8.575649261474609375e-01
3.289082646369934082e-01 9.450466930866241455e-02 -9.396213293075561523e-01
4.960798621177673340e-01 5.028619170188903809e-01 -7.078379988670349121e-01
2.463190555572509766e-01 6.891247034072875977e-01 -6.814939975738525391e-01
2.834071218967437744e-01 5.389450192451477051e-01 -7.932330369949340820e-01
-1.095944866538047791e-01 4.882571995258331299e-01 -8.657909631729125977e-01
-6.578087061643600464e-02 4.136232435703277588e-01 -9.080686569213867188e-01
1.048291400074958801e-01 4.824791550636291504e-01 -8.696117997169494629e-01
5.821738019585609436e-02 4.069974422454833984e-01 -9.115721583366394043e-01
-2.334964424371719360e-01 7.060076594352722168e-01 -6.686050295829772949e-01
-1.354274451732635498e-01 5.307435989379882812e-01 -8.366425037384033203e-01
2.298006266355514526e-01 7.069076895713806152e-01 -6.689344644546508789e-01
1.317837238311767578e-01 5.294288396835327148e-01 -8.380562067031860352e-01
-3.315700218081474304e-03 5.494080781936645508e-01 -8.355475664138793945e-01
-3.572241635993123055e-03 7.382703423500061035e-01 -6.744955182075500488e-01
-3.163132118061184883e-03 8.676525950431823730e-01 -4.971609413623809814e-01
-1.318035870790481567e-01 7.015324234962463379e-01 -7.003428339958190918e-01
1.297966688871383667e-01 7.019196748733520508e-01 -7.003294825553894043e-01
-7.724474417045712471e-04 6.987783312797546387e-01 -7.153378129005432129e-01
0.000000000000000000e+00 3.417476713657379150e-01 -9.397917389869689941e-01
0.000000000000000000e+00 3.417476713657379150e-01 -9.397917389869689941e-01
0.000000000000000000e+00 3.417476713657379150e-01 -9.397917389869689941e-01
0.000000000000000000e+00 3.417476713657379150e-01 -9.397917389869689941e-01
0.000000000000000000e+00 3.417476713657379150e-01 -9.397917389869689941e-01
0.000000000000000000e+00 3.417476713657379150e-01 -9.397917389869689941e-01
-2.402940019965171814e-02 7.918418198823928833e-02 -9.965703487396240234e-01
0.000000000000000000e+00 5.169447511434555054e-02 -9.986629486083984375e-01
0.000000000000000000e+00 4.484511613845825195e-01 -8.938073515892028809e-01
2.402808703482151031e-02 7.918409258127212524e-02 -9.965704083442687988e-01
-1.090508177876472473e-01 1.057264804840087891e-01 -9.883975386619567871e-01
1.245291084051132202e-01 8.271827548742294312e-02 -9.887619614601135254e-01
0.000000000000000000e+00 1.350043714046478271e-01 -9.908449649810791016e-01
1.026811730116605759e-02 5.945924520492553711e-01 -8.039616346359252930e-01
0.000000000000000000e+00 9.188344478607177734e-01 -3.946433067321777344e-01
-1.026761624962091446e-02 5.945928096771240234e-01 -8.039614558219909668e-01
5.206526815891265869e-02 8.897643089294433594e-01 -4.534409046173095703e-01
0.000000000000000000e+00 8.751772642135620117e-01 -4.838023781776428223e-01
-5.220418795943260193e-02 8.879321217536926270e-01 -4.570025205612182617e-01
6.815619766712188721e-02 7.975053787231445312e-01 -5.994496941566467285e-01
-6.791120767593383789e-02 7.952264547348022461e-01 -6.024973988533020020e-01
0.000000000000000000e+00 4.829921126365661621e-01 -8.756247162818908691e-01
-2.816244661808013916e-01 1.555213034152984619e-01 -9.468372464179992676e-01
-3.043442070484161377e-01 -1.179864332079887390e-01 -9.452267885208129883e-01
2.851800024509429932e-01 1.518116444349288940e-01 -9.463748931884765625e-01
3.085106313228607178e-01 -1.182973310351371765e-01 -9.438362717628479004e-01
-2.528403103351593018e-01 5.236347913742065430e-01 -8.135590553283691406e-01
2.390601336956024170e-01 5.413807034492492676e-01 -8.060752153396606445e-01
-8.799365162849426270e-02 7.946671843528747559e-01 -6.006339788436889648e-01
9.646641463041305542e-02 7.836619019508361816e-01 -6.136515736579895020e-01
4.893765598535537720e-02 8.329288959503173828e-01 -5.512118935585021973e-01
4.311298578977584839e-02 5.495259165763854980e-01 -8.343635797500610352e-01
-4.757506027817726135e-02 8.313522338867187500e-01 -5.537058115005493164e-01
-4.102673754096031189e-02 5.444014072418212891e-01 -8.378208875656127930e-01
-4.579089581966400146e-01 2.759628593921661377e-01 -8.450821042060852051e-01
-3.481716811656951904e-01 1.988058835268020630e-01 -9.161074161529541016e-01
4.633072614669799805e-01 2.753287255764007568e-01 -8.423422574996948242e-01
4.719413220882415771e-01 7.399997115135192871e-02 -8.785188794136047363e-01
-3.831324279308319092e-01 4.127980172634124756e-01 -8.263215422630310059e-01
4.141452908515930176e-01 3.701058328151702881e-01 -8.315679430961608887e-01
-1.212892755866050720e-01 6.726576089859008789e-01 -7.299457192420959473e-01
1.676406115293502808e-01 6.263958811759948730e-01 -7.612652778625488281e-01
4.600706696510314941e-02 7.941013574600219727e-01 -6.060415506362915039e-01
-1.988500356674194336e-01 5.955151319503784180e-01 -7.783446907997131348e-01
-4.602578654885292053e-02 7.941050529479980469e-01 -6.060352325439453125e-01
1.969507187604904175e-01 5.967604517936706543e-01 -7.778735756874084473e-01
-4.587966501712799072e-01 2.767720222473144531e-01 -8.443357944488525391e-01
-4.693671166896820068e-01 3.348798751831054688e-01 -8.170372247695922852e-01
4.631025791168212891e-01 2.693549692630767822e-01 -8.443837761878967285e-01
4.927314221858978271e-01 2.410999983549118042e-01 -8.361139297485351562e-01
-2.100437283515930176e-01 4.947337210178375244e-01 -8.432794213294982910e-01
2.328550219535827637e-01 4.707309603691101074e-01 -8.509941101074218750e-01
1.793252080678939819e-01 7.356990575790405273e-01 -6.531380414962768555e-01
-1.793324202299118042e-01 7.356912493705749512e-01 -6.531448960304260254e-01
1.383069455623626709e-01 7.331016659736633301e-01 -6.659078001976013184e-01
-2.078883498907089233e-01 5.323912501335144043e-01 -8.205742239952087402e-01
-1.383116543292999268e-01 7.330968379974365234e-01 -6.659122109413146973e-01
2.078790962696075439e-01 5.324022173881530762e-01 -8.205694556236267090e-01
-5.535424947738647461e-01 3.649897575378417969e-01 -7.485806941986083984e-01
-6.114024519920349121e-01 2.969654202461242676e-01 -7.334837913513183594e-01
5.606833696365356445e-01 3.567111790180206299e-01 -7.472558617591857910e-01
5.877513289451599121e-01 3.193969130516052246e-01 -7.433262467384338379e-01
-2.882421016693115234e-01 5.414332747459411621e-01 -7.897889614105224609e-01
2.905279397964477539e-01 5.406308174133300781e-01 -7.895009517669677734e-01
-2.293937653303146362e-01 3.739812970161437988e-01 -8.986191749572753906e-01
2.293998450040817261e-01 3.739773035049438477e-01 -8.986192941665649414e-01
-3.454830646514892578e-01 2.101412117481231689e-01 -9.145939946174621582e-01
-4.186679422855377197e-01 2.516546547412872314e-01 -8.725749850273132324e-01
3.423678278923034668e-01 2.121011316776275635e-01 -9.153127074241638184e-01
4.163309931755065918e-01 2.492131739854812622e-01 -8.743919730186462402e-01
-1.657923907041549683e-01 4.006338119506835938e-01 -9.011134505271911621e-01
1.583010405302047729e-01 3.972050845623016357e-01 -9.039739370346069336e-01
-1.777471770765259862e-04 3.915530741214752197e-01 -9.201555252075195312e-01
-6.383275985717773438e-01 3.521103560924530029e-01 -6.845116019248962402e-01
-9.159929752349853516e-01 -1.356901079416275024e-01 -3.775514066219329834e-01
6.392785310745239258e-01 3.520372807979583740e-01 -6.836612224578857422e-01
9.006738662719726562e-01 -6.227084249258041382e-02 -4.300103783607482910e-01
-6.312499046325683594e-01 2.956602275371551514e-01 -7.170136570930480957e-01
6.373689770698547363e-01 2.899101078510284424e-01 -7.139418721199035645e-01
-4.635131061077117920e-01 4.678985178470611572e-01 -7.524803280830383301e-01
4.635139405727386475e-01 4.679011106491088867e-01 -7.524781227111816406e-01
-7.841492891311645508e-01 2.408632338047027588e-01 -5.719219446182250977e-01
-6.158933043479919434e-01 4.285532832145690918e-01 -6.610730290412902832e-01
-4.918977320194244385e-01 4.200379848480224609e-01 -7.626300454139709473e-01
-4.456319808959960938e-01 6.631726622581481934e-01 -6.013436317443847656e-01
7.900515794754028320e-01 2.300688624382019043e-01 -5.682311654090881348e-01
6.183316707611083984e-01 4.294498264789581299e-01 -6.582087874412536621e-01
4.513313770294189453e-01 4.566660523414611816e-01 -7.666525244712829590e-01
4.450827538967132568e-01 6.546890139579772949e-01 -6.109694838523864746e-01
-6.547600626945495605e-01 4.121528863906860352e-01 -6.335765719413757324e-01
6.521523594856262207e-01 4.121432602405548096e-01 -6.362667083740234375e-01
-5.528431534767150879e-01 5.298277735710144043e-01 -6.431539654731750488e-01
5.575149655342102051e-01 5.258975625038146973e-01 -6.423463821411132812e-01
-3.929734230041503906e-01 6.386118531227111816e-01 -6.616243124008178711e-01
3.908125460147857666e-01 6.408735513687133789e-01 -6.607167124748229980e-01
-2.152379900217056274e-01 6.653181314468383789e-01 -7.148596644401550293e-01
2.143111675977706909e-01 6.659145951271057129e-01 -7.145828008651733398e-01
-5.568381675402633846e-05 7.114185690879821777e-01 -7.027685046195983887e-01
-5.800548791885375977e-01 5.795997381210327148e-01 -5.723639130592346191e-01
6.238435506820678711e-01 4.859586060047149658e-01 -6.120975613594055176e-01
-2.085980623960494995e-01 4.410137236118316650e-01 -8.729225397109985352e-01
-1.821929961442947388e-01 6.005358099937438965e-01 -7.785643339157104492e-01
1.914112269878387451e-01 4.696674644947052002e-01 -8.618434667587280273e-01
1.777234673500061035e-01 6.007434129714965820e-01 -7.794368267059326172e-01
-1.131611689925193787e-01 4.054081737995147705e-01 -9.071046113967895508e-01
-5.764012783765792847e-02 3.009376823902130127e-01 -9.519002437591552734e-01
1.131611689925193787e-01 4.054081737995147705e-01 -9.071046113967895508e-01
2.422601878643035889e-01 2.293874025344848633e-01 -9.427043199539184570e-01
-3.805701434612274170e-01 -1.410397887229919434e-01 -9.139333963394165039e-01
3.854032158851623535e-01 -1.419560611248016357e-01 -9.117635488510131836e-01
-4.129205346107482910e-01 -2.256325073540210724e-02 -9.104875326156616211e-01
4.057319760322570801e-01 -2.683350257575511932e-02 -9.135981798171997070e-01
-3.155902028083801270e-01 2.833593487739562988e-01 -9.055994153022766113e-01
2.026472240686416626e-01 2.607848644256591797e-01 -9.438884258270263672e-01
0.000000000000000000e+00 2.236353904008865356e-01 -9.746728539466857910e-01
-8.794067054986953735e-02 8.684349060058593750e-01 -4.879419505596160889e-01
4.575711861252784729e-02 8.209985494613647461e-01 -5.690937042236328125e-01
-1.997722983360290527e-01 6.949547529220581055e-01 -6.907451748847961426e-01
9.115151315927505493e-02 8.683055043220520020e-01 -4.875827133655548096e-01
-4.409897699952125549e-02 8.216779232025146484e-01 -5.682433843612670898e-01
2.023158818483352661e-01 6.913555860519409180e-01 -6.936106085777282715e-01
-1.640596389770507812e-01 5.828205943107604980e-01 -7.958672046661376953e-01
1.649685353040695190e-01 5.816663503646850586e-01 -7.965235710144042969e-01
-2.970810830593109131e-01 5.079856514930725098e-01 -8.085130453109741211e-01
2.953143715858459473e-01 5.077401995658874512e-01 -8.093141317367553711e-01
-3.445843160152435303e-01 5.080372691154479980e-01 -7.894046902656555176e-01
3.435316085815429688e-01 5.106394290924072266e-01 -7.881836891174316406e-01
-5.218625068664550781e-01 4.349308311939239502e-01 -7.338219881057739258e-01
-5.298243761062622070e-01 3.518699407577514648e-01 -7.716694474220275879e-01
5.178785324096679688e-01 4.360989630222320557e-01 -7.359480261802673340e-01
3.270826935768127441e-01 2.527632415294647217e-01 -9.105644226074218750e-01
-5.453324317932128906e-01 1.301255226135253906e-01 -8.280579447746276855e-01
-3.711028695106506348e-01 2.923519909381866455e-01 -8.813698887825012207e-01
6.296803951263427734e-01 1.230805739760398865e-01 -7.670421600341796875e-01
6.469247937202453613e-01 3.581251204013824463e-01 -6.732270717620849609e-01
4.192584156990051270e-01 6.007685065269470215e-01 -6.806612014770507812e-01
-6.698056459426879883e-01 3.504362106323242188e-01 -6.546410918235778809e-01
-8.472799062728881836e-01 1.536382883787155151e-01 -5.084407925605773926e-01
9.067062735557556152e-01 1.739299744367599487e-01 -3.842292726039886475e-01
-6.628570556640625000e-01 3.623332679271697998e-01 -6.552367210388183594e-01
-5.438902378082275391e-01 5.293162465095520020e-01 -6.511588096618652344e-01
6.582251191139221191e-01 4.908613860607147217e-01 -5.707845687866210938e-01
8.660426735877990723e-01 2.333333194255828857e-01 -4.421828687191009521e-01
5.438902378082275391e-01 5.293162465095520020e-01 -6.511588096618652344e-01
-5.895204544067382812e-01 4.266999363899230957e-01 -6.858518719673156738e-01
-4.241657555103302002e-01 6.302056908607482910e-01 -6.503262519836425781e-01
6.557587981224060059e-01 3.856198787689208984e-01 -6.490590572357177734e-01
4.241803884506225586e-01 6.384047865867614746e-01 -6.422696709632873535e-01
-7.929275631904602051e-01 1.290555298328399658e-01 -5.954918861389160156e-01
-9.418035149574279785e-01 1.272506862878799438e-01 -3.111487925052642822e-01
9.418148398399353027e-01 1.272142231464385986e-01 -3.111292719841003418e-01
-6.140445470809936523e-01 4.443044364452362061e-01 -6.523363590240478516e-01
-8.962800502777099609e-01 2.115281075239181519e-01 -3.897923231124877930e-01
8.614079356193542480e-01 3.176614344120025635e-01 -3.963174521923065186e-01
-4.144763946533203125e-01 6.126121878623962402e-01 -6.729900240898132324e-01
6.127382516860961914e-01 6.225526332855224609e-01 -4.868060052394866943e-01
5.423968434333801270e-01 6.964372396469116211e-01 -4.698731303215026855e-01
-9.747251868247985840e-01 1.252979636192321777e-01 -1.849630028009414673e-01
9.751178026199340820e-01 1.269471943378448486e-01 -1.817406713962554932e-01
-6.285496354103088379e-01 5.596255064010620117e-01 -5.401338934898376465e-01
-8.986698985099792480e-01 3.359723985195159912e-01 -2.819839417934417725e-01
6.617317795753479004e-01 5.785852074623107910e-01 -4.768126010894775391e-01
8.940315246582031250e-01 4.179541468620300293e-01 -1.613130122423171997e-01
-3.169713914394378662e-01 7.786151766777038574e-01 -5.415602922439575195e-01
3.940590620040893555e-01 8.403152227401733398e-01 -3.722738325595855713e-01
-9.841920733451843262e-01 1.644209474325180054e-01 -6.581653654575347900e-02
9.869870543479919434e-01 1.499689519405364990e-01 -5.801581963896751404e-02
-6.184265613555908203e-01 7.221381068229675293e-01 -3.099437057971954346e-01
-9.301157593727111816e-01 3.550312519073486328e-01 -9.400701522827148438e-02
6.901901960372924805e-01 7.060236334800720215e-01 -1.586440652608871460e-01
9.360204935073852539e-01 3.396696746349334717e-01 -9.214244037866592407e-02
4.760175645351409912e-01 8.754618167877197266e-01 -8.350968360900878906e-02
-9.907900691032409668e-01 1.350867301225662231e-01 9.309702552855014801e-03
9.942424297332763672e-01 1.070913225412368774e-01 3.664825111627578735e-03
-9.402673840522766113e-01 3.340807259082794189e-01 6.547738611698150635e-02
9.461581110954284668e-01 3.183305859565734863e-01 5.874180793762207031e-02
-4.699364900588989258e-01 8.595345616340637207e-01 -2.008982151746749878e-01
-7.711414694786071777e-01 6.162779331207275391e-01 1.598192751407623291e-01
7.692402601242065430e-01 6.186822056770324707e-01 1.596926599740982056e-01
-5.892495512962341309e-01 7.764666080474853516e-01 2.233484983444213867e-01
5.863339304924011230e-01 7.779667973518371582e-01 2.257877737283706665e-01
-9.940664172172546387e-01 8.388327062129974365e-02 6.925080716609954834e-02
9.976817965507507324e-01 5.460226535797119141e-02 4.061475023627281189e-02
-9.687061309814453125e-01 1.923834532499313354e-01 1.568344682455062866e-01
9.723984003067016602e-01 1.828256845474243164e-01 1.449696421623229980e-01
-8.704550266265869141e-01 3.747766017913818359e-01 3.191404640674591064e-01
8.642563819885253906e-01 3.813235163688659668e-01 3.281055688858032227e-01
-6.365129947662353516e-01 5.571065545082092285e-01 5.333700180053710938e-01
6.216322779655456543e-01 5.625163316726684570e-01 5.451134443283081055e-01
-9.957661032676696777e-01 9.302866645157337189e-03 9.145146608352661133e-02
9.971502423286437988e-01 2.788964426144957542e-03 7.538916170597076416e-02
-9.773644208908081055e-01 5.362102016806602478e-02 2.046544700860977173e-01
9.773618578910827637e-01 5.362727865576744080e-02 2.046652138233184814e-01
-8.659344315528869629e-01 1.884129941463470459e-01 4.633121788501739502e-01
8.504836559295654297e-01 1.950090825557708740e-01 4.885171651840209961e-01
-7.069400548934936523e-01 2.708613574504852295e-01 6.533527970314025879e-01
7.022721767425537109e-01 2.745622098445892334e-01 6.568328142166137695e-01
-9.921575784683227539e-01 -2.996092662215232849e-02 1.213491261005401611e-01
9.921534657478332520e-01 -2.993803285062313080e-02 1.213886514306068420e-01
-9.844758510589599609e-01 2.058007195591926575e-02 1.743090003728866577e-01
9.800825119018554688e-01 2.053449489176273346e-02 1.975262165069580078e-01
-8.309359550476074219e-01 7.602331042289733887e-02 5.511497259140014648e-01
8.230419754981994629e-01 7.999254763126373291e-02 5.623193979263305664e-01
-6.094220876693725586e-01 1.142829507589340210e-01 7.845662832260131836e-01
-2.857323884963989258e-01 -1.694455742835998535e-01 9.432100653648376465e-01
6.194633245468139648e-01 1.178190559148788452e-01 7.761338353157043457e-01
2.116265743970870972e-01 -8.273991942405700684e-02 9.738420248031616211e-01
-9.269195795059204102e-01 -2.530080974102020264e-01 -2.771406769752502441e-01
9.269195795059204102e-01 -2.530080974102020264e-01 -2.771406769752502441e-01
-8.895339965820312500e-01 -4.045335054397583008e-01 2.123252451419830322e-01
8.869844675064086914e-01 -4.006037712097167969e-01 2.297285944223403931e-01
-7.035180330276489258e-01 -1.517359167337417603e-01 6.942900419235229492e-01
7.113884687423706055e-01 -1.466700136661529541e-01 6.873239874839782715e-01
-5.544537305831909180e-01 -8.130263686180114746e-01 1.776770800352096558e-01
5.544334650039672852e-01 -8.130304813385009766e-01 1.777218580245971680e-01
