4.274496138095855713e-01 8.730685114860534668e-01 2.346023321151733398e-01
-1.734911054372787476e-01 9.622355699539184570e-01 2.097705751657485962e-01
2.125903517007827759e-01 7.508538961410522461e-01 6.253189444541931152e-01
-3.392635583877563477e-01 6.550562381744384766e-01 6.751307845115661621e-01
2.241346836090087891e-01 6.953189969062805176e-01 6.828580498695373535e-01
8.905841037631034851e-03 9.998924136161804199e-01 1.165926456451416016e-02
4.175436496734619141e-01 8.923372030258178711e-01 1.714400202035903931e-01
-3.590554893016815186e-01 9.292335510253906250e-01 8.720195293426513672e-02
8.158264309167861938e-02 9.954794049263000488e-01 -4.863074421882629395e-02
2.829868197441101074e-01 9.112628698348999023e-01 2.991963922977447510e-01
5.934392809867858887e-01 7.842801809310913086e-01 -1.809264272451400757e-01
-3.723829686641693115e-01 8.687846064567565918e-01 3.264110386371612549e-01
-1.359177976846694946e-01 8.375199437141418457e-01 5.292320251464843750e-01
3.101907670497894287e-01 7.848368883132934570e-01 5.364817976951599121e-01
5.361285805702209473e-01 6.496186256408691406e-01 5.390378236770629883e-01
-2.820691168308258057e-01 6.914516091346740723e-01 6.650801897048950195e-01
7.899509370326995850e-02 7.562214732170104980e-01 6.495296955108642578e-01
-9.544402360916137695e-02 4.956855475902557373e-01 8.632417321205139160e-01
3.055177927017211914e-01 8.913832902908325195e-01 -3.348053693771362305e-01
-4.653359055519104004e-01 8.851290941238403320e-01 -2.981293015182018280e-03
-5.191739201545715332e-01 8.315244913101196289e-01 1.975485980510711670e-01
6.618871092796325684e-01 7.203126549720764160e-01 2.074972540140151978e-01
-3.784252405166625977e-01 8.067598938941955566e-01 4.537981152534484863e-01
-3.893042206764221191e-01 6.063957810401916504e-01 6.933443546295166016e-01
3.075239062309265137e-01 4.998789131641387939e-01 8.096604943275451660e-01
-7.631324231624603271e-02 5.640216469764709473e-01 8.222261667251586914e-01
1.514719128608703613e-01 8.000532984733581543e-01 -5.804920196533203125e-01
-1.366406530141830444e-01 9.296968579292297363e-01 -3.420426547527313232e-01
-4.477391839027404785e-01 8.874739408493041992e-01 -1.091774031519889832e-01
7.815494537353515625e-01 4.184706509113311768e-01 4.626692235469818115e-01
-3.691774904727935791e-01 4.227509796619415283e-01 8.276409506797790527e-01
5.152493715286254883e-01 3.516029417514801025e-01 7.815967202186584473e-01
1.808747202157974243e-01 4.437471628189086914e-01 8.777088522911071777e-01
4.939590990543365479e-01 7.250954508781433105e-01 -4.798344373703002930e-01
7.222892045974731445e-01 6.869069337844848633e-01 -8.035679906606674194e-02
-8.551965355873107910e-01 4.825266897678375244e-01 -1.892270743846893311e-01
-5.981100201606750488e-01 3.743617832660675049e-01 7.086024880409240723e-01
-6.520716100931167603e-02 2.812955379486083984e-01 9.574031829833984375e-01
2.727752327919006348e-01 1.268840581178665161e-01 9.536740779876708984e-01
-3.103490471839904785e-01 7.187282443046569824e-01 -6.221842169761657715e-01
-7.709994316101074219e-01 4.653155207633972168e-01 -4.347888827323913574e-01
-9.187152385711669922e-01 3.208811581134796143e-01 2.302123457193374634e-01
-6.487113237380981445e-01 1.642725169658660889e-01 7.430936694145202637e-01
-6.348657608032226562e-01 3.319533467292785645e-01 -6.976764798164367676e-01
7.632716894149780273e-01 4.900277853012084961e-01 -4.210571646690368652e-01
-8.088476657867431641e-01 5.029212832450866699e-01 -3.046894967555999756e-01
-8.665916919708251953e-01 1.302210539579391479e-01 4.817273318767547607e-01
5.330047607421875000e-01 1.319442037492990494e-02 8.460093140602111816e-01
-1.993565261363983154e-01 3.696970343589782715e-01 -9.075137376785278320e-01
2.773074805736541748e-01 5.843385457992553711e-01 -7.626591324806213379e-01
5.228971838951110840e-01 4.589801132678985596e-01 -7.182728648185729980e-01
9.014227390289306641e-01 4.215609729290008545e-01 9.860726445913314819e-02
9.563390612602233887e-01 3.173724934458732605e-02 2.905310094356536865e-01
-7.612739205360412598e-01 -1.750183105468750000e-01 6.243642568588256836e-01
7.921846508979797363e-01 7.627537846565246582e-02 6.054961681365966797e-01
-5.015962123870849609e-01 -1.147197186946868896e-01 8.574617505073547363e-01
6.430808305740356445e-01 -2.080567777156829834e-01 7.369934916496276855e-01
-9.964469075202941895e-02 -2.253134548664093018e-01 9.691774249076843262e-01
2.991338074207305908e-01 -3.983685970306396484e-01 8.670763969421386719e-01
-6.382367014884948730e-01 3.640317320823669434e-01 -6.783323287963867188e-01
-9.065316915512084961e-01 3.525442779064178467e-01 2.321913093328475952e-01
-3.971478044986724854e-01 -5.144400000572204590e-01 7.600164413452148438e-01
1.998455822467803955e-01 9.448879361152648926e-01 2.593233287334442139e-01
4.797131121158599854e-01 7.638276815414428711e-01 4.317898452281951904e-01
-1.277360469102859497e-01 6.953995227813720703e-01 7.071794867515563965e-01
4.737917184829711914e-01 7.414308190345764160e-01 4.751860201358795166e-01
3.136020898818969727e-01 8.212574124336242676e-01 4.766446948051452637e-01
2.039073705673217773e-01 9.506882429122924805e-01 2.336953431367874146e-01
9.858053922653198242e-01 4.915285855531692505e-02 -1.605359017848968506e-01
-7.342233657836914062e-01 -1.265982240438461304e-01 6.670000553131103516e-01
8.461362719535827637e-01 -3.000784516334533691e-01 4.404615163803100586e-01
-5.454873442649841309e-01 -5.264682769775390625e-01 6.521308422088623047e-01
2.611510753631591797e-01 9.040529727935791016e-01 3.383611440658569336e-01
-1.886406689882278442e-01 9.773909449577331543e-01 -9.550674259662628174e-02
-5.936095714569091797e-01 7.629780173301696777e-01 -2.559145390987396240e-01
-5.988907814025878906e-01 7.923863530158996582e-01 1.159899234771728516e-01
-3.028599619865417480e-01 6.379340589046478271e-02 -9.508976340293884277e-01
6.977445483207702637e-01 5.278077125549316406e-01 4.843259155750274658e-01
-5.876656174659729004e-01 6.668974161148071289e-01 4.581450223922729492e-01
8.194404244422912598e-01 6.619834899902343750e-02 -5.693287253379821777e-01
-4.927008450031280518e-01 6.683162450790405273e-01 5.573143362998962402e-01
6.511676311492919922e-02 8.983107209205627441e-01 4.345084726810455322e-01
-3.425891995429992676e-01 9.282582402229309082e-01 -1.448073685169219971e-01
4.143620133399963379e-01 7.756862640380859375e-01 4.760410785675048828e-01
-4.636817052960395813e-02 6.601856350898742676e-01 7.496698498725891113e-01
2.701977491378784180e-01 7.058594226837158203e-01 6.547943949699401855e-01
-4.714051485061645508e-01 8.143380880355834961e-01 3.385714888572692871e-01
-5.600940585136413574e-01 6.748525500297546387e-01 4.804880619049072266e-01
-6.113053560256958008e-01 1.634346693754196167e-01 7.743351459503173828e-01
3.188624233007431030e-02 9.589950442314147949e-01 -2.816234230995178223e-01
6.032130718231201172e-01 6.532326936721801758e-01 4.576253890991210938e-01
-6.008944511413574219e-01 7.083630561828613281e-01 -3.703345060348510742e-01
7.973504662513732910e-01 -2.296401932835578918e-02 6.030794978141784668e-01
8.639232516288757324e-01 3.600454628467559814e-01 3.521417975425720215e-01
6.113291382789611816e-01 1.790227890014648438e-01 -7.708615064620971680e-01
-7.664728760719299316e-01 5.680203437805175781e-01 2.997868657112121582e-01
7.151849865913391113e-01 6.707054972648620605e-01 1.966329514980316162e-01
4.706251621246337891e-01 8.698552250862121582e-01 1.478642821311950684e-01
-2.822366654872894287e-01 8.961489796638488770e-01 3.424315750598907471e-01
-6.386077404022216797e-01 2.313873022794723511e-01 7.339210510253906250e-01
-3.555583357810974121e-01 4.985581338405609131e-01 7.905808091163635254e-01
-6.242025494575500488e-01 -4.317964892834424973e-03 7.812505960464477539e-01
-4.672146141529083252e-01 -4.711405932903289795e-01 7.481557726860046387e-01
4.898127317428588867e-01 3.804317116737365723e-01 -7.844457626342773438e-01
5.896029472351074219e-01 7.526742815971374512e-01 -2.930012643337249756e-01
9.827892184257507324e-01 1.749812215566635132e-01 -5.921880900859832764e-02
2.405262440443038940e-01 1.383438259363174438e-01 -9.607331156730651855e-01
-2.321923077106475830e-01 -8.706670254468917847e-02 -9.687651991844177246e-01
-8.397588133811950684e-01 5.424033403396606445e-01 -2.457034960389137268e-02
4.151900857686996460e-02 3.274826109409332275e-01 9.439445734024047852e-01
-1.524103619158267975e-02 1.270413398742675781e-01 9.917803406715393066e-01
-1.689623892307281494e-01 -7.279272079467773438e-01 6.645100712776184082e-01
-1.236923038959503174e-01 6.546841263771057129e-01 -7.457135915756225586e-01
-4.925568997859954834e-01 7.560724020004272461e-01 -4.309782385826110840e-01
-7.714389562606811523e-01 4.385341107845306396e-01 -4.610528349876403809e-01
6.140908598899841309e-01 -1.898035109043121338e-01 -7.660724520683288574e-01
-7.638200521469116211e-01 1.860755085945129395e-01 6.180250048637390137e-01
9.664362668991088867e-01 -2.569056749343872070e-01 -6.339684478007256985e-04
-2.466135323047637939e-01 -5.157303437590599060e-02 9.677407145500183105e-01
-6.442282199859619141e-01 3.686155676841735840e-01 -6.701437234878540039e-01
9.430683851242065430e-01 -1.070330664515495300e-01 3.149062693119049072e-01
-4.315733909606933594e-02 -4.163265526294708252e-01 -9.081903100013732910e-01
3.781428039073944092e-01 -1.449962854385375977e-01 -9.143216609954833984e-01
-8.734092116355895996e-01 4.419757425785064697e-01 2.044840753078460693e-01
4.510588049888610840e-01 8.761286735534667969e-01 -1.701308190822601318e-01
-3.938834071159362793e-01 6.406281590461730957e-01 -6.591293215751647949e-01
-5.219094753265380859e-01 -1.898257434368133545e-01 8.316109180450439453e-01
-2.645817697048187256e-01 -4.618355035781860352e-01 8.465840220451354980e-01
-2.917933464050292969e-01 -7.919678688049316406e-01 5.363242030143737793e-01
5.316401124000549316e-01 -6.200761198997497559e-01 5.769440531730651855e-01
3.125796094536781311e-02 2.366037368774414062e-01 -9.711033701896667480e-01
-3.302680552005767822e-01 3.634575009346008301e-01 -8.711036443710327148e-01
9.841405153274536133e-01 1.326985806226730347e-01 -1.177226528525352478e-01
8.653478622436523438e-01 4.964283704757690430e-01 -6.878910958766937256e-02
-1.141700223088264465e-01 -4.411724805831909180e-01 -8.901303410530090332e-01
6.483711600303649902e-01 7.431983947753906250e-01 -1.651388704776763916e-01
-9.371886849403381348e-01 3.007315993309020996e-01 -1.767427176237106323e-01
-1.578407478518784046e-03 -3.249318003654479980e-01 -9.457361102104187012e-01
3.730016648769378662e-01 6.909865736961364746e-01 -6.191988587379455566e-01
4.930192977190017700e-02 3.352102935314178467e-01 -9.408524632453918457e-01
7.619429230690002441e-01 -6.155033111572265625e-01 2.014910876750946045e-01
-5.652884840965270996e-01 -4.308901131153106689e-01 7.034078240394592285e-01
7.133951038122177124e-02 -2.646726965904235840e-01 9.616959095001220703e-01
-9.660327434539794922e-02 -9.426328539848327637e-01 3.195483684539794922e-01
1.405791491270065308e-01 -8.695781230926513672e-01 4.733617901802062988e-01
-1.006163954734802246e-01 -9.451771974563598633e-01 3.106707930564880371e-01
5.837373137474060059e-01 2.035555541515350342e-01 -7.860126495361328125e-01
-6.750490069389343262e-01 1.935581117868423462e-01 -7.119297981262207031e-01
-8.228095769882202148e-01 2.158509641885757446e-01 -5.257306694984436035e-01
-6.270062923431396484e-02 -5.427115559577941895e-01 -8.375755548477172852e-01
-1.042734384536743164e-01 -5.813050866127014160e-01 -8.069767355918884277e-01
8.909993618726730347e-02 -5.723326802253723145e-01 -8.151664733886718750e-01
-6.459278613328933716e-02 -8.306067585945129395e-01 -5.531004667282104492e-01
8.234395384788513184e-01 -2.822710871696472168e-01 -4.922097623348236084e-01
2.978908717632293701e-01 -9.541603326797485352e-01 -2.896805107593536377e-02
7.933014631271362305e-02 -5.763067603111267090e-01 8.133739233016967773e-01
-3.011723458766937256e-01 1.327417343854904175e-01 -9.442853331565856934e-01
-7.258358597755432129e-01 1.420762836933135986e-01 -6.730353832244873047e-01
4.016993343830108643e-01 4.207327589392662048e-02 -9.148046374320983887e-01
1.622137576341629028e-01 -5.965632796287536621e-01 -7.860018610954284668e-01
-5.399498343467712402e-01 -8.035554289817810059e-01 -2.505051195621490479e-01
-5.676251053810119629e-01 -7.032400369644165039e-01 -4.280831515789031982e-01
2.902039885520935059e-01 -7.782321572303771973e-01 -5.568988919258117676e-01
3.121361136436462402e-01 -7.573647499084472656e-01 -5.735587477684020996e-01
2.316097542643547058e-02 -9.286718368530273438e-01 -3.701786696910858154e-01
2.415065169334411621e-01 -7.034519910812377930e-01 -6.684533357620239258e-01
7.172262072563171387e-01 -6.668164134025573730e-01 -2.023425847291946411e-01
1.891893446445465088e-01 -9.657550454139709473e-01 -1.775512993335723877e-01
2.644920647144317627e-01 -9.397394657135009766e-01 -2.166417986154556274e-01
1.214789673686027527e-01 -9.891234636306762695e-01 8.293199539184570312e-02
-1.249027326703071594e-01 -3.389905095100402832e-01 9.324616193771362305e-01
-1.563572585582733154e-01 -4.048878252506256104e-01 9.008985757827758789e-01
8.004734516143798828e-01 5.213742256164550781e-01 -2.956539094448089600e-01
-9.062725305557250977e-01 5.672699189744889736e-04 -4.226935207843780518e-01
5.199803709983825684e-01 -3.368480503559112549e-01 -7.849546074867248535e-01
-5.428176000714302063e-02 -9.900960326194763184e-01 -1.294734925031661987e-01
-5.058900713920593262e-01 -2.170168757438659668e-01 8.348526358604431152e-01
4.149881899356842041e-01 -7.614032030105590820e-01 -4.980462193489074707e-01
-3.531120121479034424e-01 -2.312378287315368652e-01 9.065544605255126953e-01
2.677031457424163818e-01 -9.606482982635498047e-01 -7.409339398145675659e-02
-3.114731013774871826e-01 -5.063443779945373535e-01 8.041142821311950684e-01
2.032588422298431396e-01 -8.344233036041259766e-01 5.122728347778320312e-01
1.190303564071655273e-01 -2.710681855678558350e-01 9.551721811294555664e-01
-4.972442686557769775e-01 -6.293211877346038818e-02 -8.653251528739929199e-01
6.642261743545532227e-01 3.419192433357238770e-01 -6.647517681121826172e-01
-9.978952407836914062e-01 2.229690924286842346e-02 6.089236587285995483e-02
-8.804501891136169434e-01 -2.957612574100494385e-01 3.705844879150390625e-01
5.155708789825439453e-01 -7.156925797462463379e-01 -4.711377024650573730e-01
2.982175052165985107e-01 -9.459751844406127930e-01 1.272683441638946533e-01
-2.017087936401367188e-01 -2.074660509824752808e-01 9.572206735610961914e-01
5.856214165687561035e-01 7.346007972955703735e-02 -8.072491288185119629e-01
8.553441166877746582e-01 -4.165750741958618164e-01 -3.079799711704254150e-01
-5.570238232612609863e-01 -3.515824675559997559e-01 7.524055838584899902e-01
6.295350790023803711e-01 1.147284433245658875e-01 -7.684548497200012207e-01
-9.206234216690063477e-01 -3.233230710029602051e-01 -2.188943326473236084e-01
6.844534277915954590e-01 -6.988164782524108887e-01 2.077954411506652832e-01
-6.661456823348999023e-01 -4.915051460266113281e-01 5.609568953514099121e-01
2.236236445605754852e-02 8.173459023237228394e-02 -9.964032173156738281e-01
-6.205086708068847656e-01 -4.279019683599472046e-02 -7.830312848091125488e-01
-7.748579978942871094e-01 -2.424695491790771484e-01 -5.837839245796203613e-01
8.376204371452331543e-01 9.111411054618656635e-04 -5.462519526481628418e-01
-2.495524734258651733e-01 -2.365758717060089111e-01 9.390183091163635254e-01
6.718173027038574219e-01 -5.258798599243164062e-01 5.216434597969055176e-01
7.160584330558776855e-01 -3.305330276489257812e-01 6.148238182067871094e-01
7.959091663360595703e-01 2.797664999961853027e-01 -5.368978977203369141e-01
9.404795169830322266e-01 -3.359466195106506348e-01 5.136272683739662170e-02
-3.714501857757568359e-01 -1.627718359231948853e-01 9.140732884407043457e-01
7.521019577980041504e-01 3.680181801319122314e-01 -5.467222929000854492e-01
-1.353574246168136597e-01 -1.307360976934432983e-01 9.821336269378662109e-01
-8.123007416725158691e-01 -4.636834859848022461e-01 -3.537868261337280273e-01
-8.969835042953491211e-01 -4.419600665569305420e-01 9.593334048986434937e-03
9.188250899314880371e-01 3.493939042091369629e-01 -1.835330873727798462e-01
-6.735939979553222656e-01 -3.513442873954772949e-01 -6.502524614334106445e-01
5.529593229293823242e-01 4.111157953739166260e-01 -7.247204780578613281e-01
8.371321558952331543e-01 -2.527005374431610107e-01 4.851310849189758301e-01
8.534852862358093262e-01 -3.490194678306579590e-01 3.869731724262237549e-01
4.455196261405944824e-01 -1.804560124874114990e-01 8.768967390060424805e-01
7.496028393507003784e-02 -1.491573154926300049e-01 -9.859681129455566406e-01
-1.838698089122772217e-01 -1.651187092065811157e-01 -9.689828157424926758e-01
4.202512204647064209e-01 3.313266858458518982e-02 -9.068027138710021973e-01
-7.716343998908996582e-01 -1.063301488757133484e-01 6.271158456802368164e-01
-4.328856170177459717e-01 -2.839031256735324860e-02 9.010016322135925293e-01
9.825156331062316895e-01 -1.758891940116882324e-01 6.104081496596336365e-02
-2.564768791198730469e-01 -1.884090714156627655e-02 9.663667082786560059e-01
6.361475586891174316e-02 -1.610917150974273682e-01 -9.848870635032653809e-01
-7.808145284652709961e-01 -1.974515318870544434e-01 -5.927407145500183105e-01
8.932517170906066895e-01 1.367281675338745117e-01 4.282602369785308838e-01
-9.056918621063232422e-01 -1.273595094680786133e-01 -4.043534696102142334e-01
-9.827353358268737793e-01 -1.640316843986511230e-01 8.558507263660430908e-02
-6.958267092704772949e-01 -4.133020341396331787e-02 7.170194983482360840e-01
8.983029127120971680e-01 -9.056382626295089722e-02 4.299420714378356934e-01
8.231011778116226196e-02 2.467464469373226166e-02 -9.963012337684631348e-01
3.082863092422485352e-01 3.086672723293304443e-02 -9.507927894592285156e-01
7.265465259552001953e-01 4.365256428718566895e-01 -5.306369066238403320e-01
9.895740747451782227e-01 1.222338452935218811e-01 7.617049664258956909e-02
-3.159891068935394287e-01 -1.646789312362670898e-01 -9.343616366386413574e-01
8.497411608695983887e-01 -2.152958363294601440e-01 4.812356233596801758e-01
4.279782474040985107e-01 -1.590331085026264191e-02 9.036490917205810547e-01
-8.101209998130798340e-02 -2.946270704269409180e-01 -9.521721601486206055e-01
1.446984987705945969e-02 -2.166130840778350830e-01 -9.761503338813781738e-01
-3.506761491298675537e-01 -7.411549240350723267e-02 -9.335593581199645996e-01
7.857759594917297363e-01 -4.403934180736541748e-01 4.342921674251556396e-01
2.016535401344299316e-02 -3.442446142435073853e-02 9.992038607597351074e-01
6.049386262893676758e-01 -6.303083300590515137e-01 4.865805506706237793e-01
-9.972031712532043457e-01 -7.180914282798767090e-02 2.071851491928100586e-02
7.943577766418457031e-01 -1.157502233982086182e-01 -5.963201522827148438e-01
-6.870118379592895508e-01 -8.041183650493621826e-02 -7.221832275390625000e-01
-9.863412976264953613e-01 -3.349030017852783203e-02 1.612742096185684204e-01
7.370594143867492676e-02 -4.365420937538146973e-01 -8.966595530509948730e-01
9.023703336715698242e-01 -4.255697727203369141e-01 -6.795714050531387329e-02
-9.019984602928161621e-01 -7.143782824277877808e-02 -4.257880449295043945e-01
-4.997430741786956787e-01 9.033421985805034637e-03 8.661265969276428223e-01
7.647516727447509766e-01 3.856248781085014343e-02 6.431701779365539551e-01
1.400327086448669434e-01 -9.249932318925857544e-02 -9.858167171478271484e-01
6.707345694303512573e-02 -5.437707304954528809e-01 -8.365492224693298340e-01
2.066402733325958252e-01 -2.211385518312454224e-01 -9.530988931655883789e-01
9.365538358688354492e-01 -3.471294641494750977e-01 -4.866299033164978027e-02
-1.630613654851913452e-01 4.180558770895004272e-02 9.857298135757446289e-01
1.805534064769744873e-01 -8.747218549251556396e-02 -9.796678423881530762e-01
4.599138796329498291e-01 -5.989243388175964355e-01 -6.555675864219665527e-01
1.151872351765632629e-01 -7.319481968879699707e-01 -6.715531945228576660e-01
5.530306100845336914e-01 -8.020222187042236328e-01 -2.256492376327514648e-01
5.583046078681945801e-01 -8.114452362060546875e-01 -1.727791279554367065e-01
9.930534958839416504e-01 -1.092446222901344299e-02 1.171555519104003906e-01
3.954857289791107178e-01 -2.926539182662963867e-01 -8.706001639366149902e-01
-9.357839822769165039e-01 -5.400232598185539246e-02 3.484136164188385010e-01
-3.500346243381500244e-01 -1.221983507275581360e-01 -9.287320971488952637e-01
7.610203623771667480e-01 -3.359686434268951416e-01 -5.549531579017639160e-01
9.804604053497314453e-01 -3.827386349439620972e-02 -1.929572224617004395e-01
-7.031580209732055664e-01 5.866845138370990753e-03 7.110094428062438965e-01
4.261544346809387207e-01 -1.141465529799461365e-01 -8.974201679229736328e-01
-4.388145804405212402e-01 5.389862880110740662e-02 8.969597816467285156e-01
-6.171589493751525879e-01 -8.016309142112731934e-02 -7.827442884445190430e-01
-7.853350639343261719e-01 -1.254241764545440674e-01 -6.062323451042175293e-01
8.670645356178283691e-01 -1.296899467706680298e-01 -4.810192584991455078e-01
-9.800022244453430176e-01 -7.638821005821228027e-02 -1.837401390075683594e-01
-9.895595908164978027e-01 -5.373863503336906433e-02 -1.337310373783111572e-01
2.681098282337188721e-01 5.319280922412872314e-02 9.619187116622924805e-01
2.413337528705596924e-01 -1.012071892619132996e-01 -9.651503562927246094e-01
5.861587524414062500e-01 -1.345076709985733032e-01 -7.989528775215148926e-01
9.830503463745117188e-01 6.322352588176727295e-02 1.720896065235137939e-01
-4.189608395099639893e-01 -1.183084249496459961e-01 -9.002638459205627441e-01
-1.495432257652282715e-01 6.970919668674468994e-02 9.862948060035705566e-01
6.542268991470336914e-01 6.652974337339401245e-02 7.533664703369140625e-01
1.353036910295486450e-01 -1.033236160874366760e-01 -9.854020476341247559e-01
-9.948360323905944824e-01 -9.145155549049377441e-02 4.402127861976623535e-02
9.466249942779541016e-01 4.707519430667161942e-03 -3.223025798797607422e-01
-9.181741476058959961e-01 -3.197001293301582336e-02 3.948848843574523926e-01
-9.717634320259094238e-02 6.580035388469696045e-02 9.930896759033203125e-01
2.293584495782852173e-01 6.801485270261764526e-02 9.709628224372863770e-01
6.262993216514587402e-01 -3.691999614238739014e-02 -7.787079215049743652e-01
-6.410722136497497559e-01 3.684633597731590271e-02 7.665955424308776855e-01
2.229740619659423828e-01 -6.617616862058639526e-02 -9.725756049156188965e-01
-4.115385711193084717e-01 -1.402082294225692749e-01 -9.005429148674011230e-01
8.400112390518188477e-01 -2.463812194764614105e-02 -5.420092344284057617e-01
-9.749853014945983887e-01 -2.271155267953872681e-02 2.211062610149383545e-01
9.758666157722473145e-01 5.298992618918418884e-02 -2.118405401706695557e-01
9.143840670585632324e-01 9.481768310070037842e-02 3.935878276824951172e-01
-7.057822346687316895e-01 1.459688134491443634e-02 7.082784771919250488e-01
-3.847481608390808105e-01 4.269801080226898193e-02 9.220334887504577637e-01
1.529975086450576782e-01 -7.478241622447967529e-02 -9.853929877281188965e-01
1.555405259132385254e-01 5.425496026873588562e-02 9.863384962081909180e-01
-7.877976298332214355e-01 -1.500106006860733032e-01 -5.973873734474182129e-01
9.824285507202148438e-01 7.285609096288681030e-02 -1.718318909406661987e-01
4.875401556491851807e-01 7.061459124088287354e-02 8.702402710914611816e-01
-9.605403989553451538e-02 3.571386262774467468e-02 9.947351813316345215e-01
7.040663957595825195e-01 6.053653080016374588e-03 -7.101082801818847656e-01
8.987997770309448242e-01 5.164897814393043518e-02 -4.353060424327850342e-01
-9.911626577377319336e-01 -9.283543378114700317e-02 -9.475339949131011963e-02
-9.421678185462951660e-01 -4.728483781218528748e-02 3.317890763282775879e-01
1.873957961797714233e-01 3.271181881427764893e-02 9.817396402359008789e-01
-4.845944046974182129e-01 -1.620422452688217163e-01 -8.595990538597106934e-01
7.939569354057312012e-01 2.812667563557624817e-02 -6.073230504989624023e-01
-7.402551770210266113e-01 -1.267084032297134399e-01 -6.602780818939208984e-01
9.836314320564270020e-01 8.416140824556350708e-02 -1.593295484781265259e-01
6.246085762977600098e-01 6.506686657667160034e-02 7.782226204872131348e-01
-2.247761934995651245e-01 9.168349206447601318e-03 9.743673205375671387e-01
-6.406882405281066895e-01 -1.436596270650625229e-02 7.676667571067810059e-01
3.147796392440795898e-01 -3.678676113486289978e-02 -9.484515786170959473e-01
6.955487132072448730e-01 3.641922492533922195e-03 -7.184697389602661133e-01
9.428011775016784668e-01 8.011482656002044678e-02 3.235855698585510254e-01
6.250362992286682129e-01 2.273236960172653198e-02 -7.802646160125732422e-01
6.999373435974121094e-02 -4.642606899142265320e-02 -9.964664578437805176e-01
-9.639045596122741699e-01 -6.149273738265037537e-02 2.590495645999908447e-01
-5.123054385185241699e-01 -1.260669231414794922e-01 -8.495000004768371582e-01
7.427442669868469238e-01 6.456959992647171021e-02 -6.664545536041259766e-01
-9.418560862541198730e-01 -8.088605105876922607e-02 -3.261356353759765625e-01
9.809460043907165527e-01 6.303387880325317383e-02 -1.837706565856933594e-01
-7.159774303436279297e-01 -5.775103345513343811e-02 6.957306265830993652e-01
1.029226649552583694e-02 -9.878140874207019806e-03 9.998982548713684082e-01
-6.558329463005065918e-01 -1.001338288187980652e-01 -7.482355237007141113e-01
-4.430676400661468506e-01 -2.375387027859687805e-02 8.961734771728515625e-01
8.897808790206909180e-01 5.057874694466590881e-02 4.535765051841735840e-01
7.888823151588439941e-01 7.277847826480865479e-02 -6.102196574211120605e-01
-2.756538689136505127e-01 -3.572224080562591553e-02 9.605929255485534668e-01
3.934777975082397461e-01 1.294065173715353012e-02 9.192429780960083008e-01
-5.151096582412719727e-01 -6.991239637136459351e-02 -8.542682528495788574e-01
2.046347260475158691e-01 1.964860782027244568e-02 -9.786411523818969727e-01
-4.153448343276977539e-01 -4.404174163937568665e-02 -9.085972309112548828e-01
9.741465449333190918e-01 6.547957658767700195e-02 -2.162199616432189941e-01
-7.628279924392700195e-01 -8.548397570848464966e-02 -6.409258246421813965e-01
8.841652870178222656e-01 6.710284948348999023e-02 -4.623298645019531250e-01
6.964181065559387207e-01 9.264833480119705200e-02 -7.116305828094482422e-01
6.566259860992431641e-01 2.463119290769100189e-02 7.538140416145324707e-01
-1.093443632125854492e-01 -3.846551477909088135e-02 9.932593703269958496e-01
-9.496020078659057617e-01 -8.675978332757949829e-02 -3.012120127677917480e-01
-9.233312010765075684e-01 -8.578340709209442139e-02 3.743002712726593018e-01
9.803881049156188965e-01 9.424585849046707153e-02 -1.730802804231643677e-01
-4.365478083491325378e-02 2.299112081527709961e-02 -9.987820982933044434e-01
-5.131779909133911133e-01 -5.509977042675018311e-02 8.565117716789245605e-01
9.299260973930358887e-01 9.318417310714721680e-02 -3.557445704936981201e-01
9.305116534233093262e-01 7.357452064752578735e-02 3.587963879108428955e-01
2.638865411281585693e-01 -3.450369928032159805e-03 9.645476341247558594e-01
-4.915263056755065918e-01 -3.184436587616801262e-03 -8.708568811416625977e-01
-6.610045433044433594e-01 -4.562364146113395691e-02 -7.489936947822570801e-01
-6.982715725898742676e-01 -7.453010231256484985e-02 7.119425535202026367e-01
7.839639782905578613e-01 8.185189217329025269e-02 -6.153866052627563477e-01
-3.616011738777160645e-01 -5.589199811220169067e-02 9.306560158729553223e-01
6.517143845558166504e-01 3.997426852583885193e-02 7.574103474617004395e-01
-5.150349736213684082e-01 4.527439828962087631e-03 -8.571571707725524902e-01
-1.152642890810966492e-01 -3.615438565611839294e-02 9.926766157150268555e-01
-9.714614748954772949e-01 -7.724004238843917847e-02 -2.242689728736877441e-01
-7.137673497200012207e-01 -9.750010818243026733e-02 6.935632824897766113e-01
-7.121818661689758301e-01 -1.757676713168621063e-02 -7.017749547958374023e-01
2.796384990215301514e-01 4.881942272186279297e-02 -9.588633775711059570e-01
-2.909402549266815186e-01 3.015711158514022827e-02 -9.562658667564392090e-01
-9.707771539688110352e-01 -1.044722795486450195e-01 2.160493582487106323e-01
-9.339112639427185059e-01 -1.051549464464187622e-01 3.416901230812072754e-01
1.261759251356124878e-01 -9.134395979344844818e-03 9.919657707214355469e-01
7.795413136482238770e-01 5.015011504292488098e-02 -6.243399381637573242e-01
9.789897203445434570e-01 1.061687171459197998e-01 -1.740900278091430664e-01
9.568285346031188965e-01 7.677119225263595581e-02 2.803307473659515381e-01
-8.179507851600646973e-01 -1.791928894817829132e-02 -5.750091671943664551e-01
-2.061609476804733276e-01 -3.662485256791114807e-02 9.778323769569396973e-01
-4.954307079315185547e-01 3.631782531738281250e-02 -8.678879141807556152e-01
8.597429394721984863e-01 8.171459287405014038e-02 -5.041476488113403320e-01
-5.172442793846130371e-01 -6.422032415866851807e-02 8.534249663352966309e-01
6.915086507797241211e-01 4.256702959537506104e-02 7.211129665374755859e-01
3.348233699798583984e-01 1.879194518551230431e-03 9.422790408134460449e-01
3.882937729358673096e-01 6.668937206268310547e-02 -9.191194176673889160e-01
-9.731197357177734375e-01 -6.710713356733322144e-02 -2.203056961297988892e-01
-3.617671430110931396e-01 3.469686955213546753e-02 -9.316226243972778320e-01
8.879974484443664551e-01 1.115048602223396301e-01 -4.461245834827423096e-01
-7.773299515247344971e-02 4.700805619359016418e-02 -9.958653450012207031e-01
-6.232329010963439941e-01 2.375483326613903046e-02 -7.816753983497619629e-01
7.266809940338134766e-01 1.205225959420204163e-01 -6.763201951980590820e-01
-7.784813642501831055e-02 -3.364547342061996460e-02 9.963973164558410645e-01
2.820393741130828857e-01 -1.412082929164171219e-02 9.592989683151245117e-01
-8.701945543289184570e-01 -8.529018610715866089e-02 4.852700531482696533e-01
-4.414941370487213135e-01 6.055916845798492432e-02 -8.952181339263916016e-01
9.739857316017150879e-01 9.297467023134231567e-02 -2.066577374935150146e-01
-6.681987643241882324e-01 -4.213251173496246338e-02 7.427888512611389160e-01
4.759130775928497314e-01 8.278387039899826050e-02 -8.755875825881958008e-01
-8.305932283401489258e-01 -7.996753789484500885e-03 -5.568221807479858398e-01
-3.225796520709991455e-01 -3.625200316309928894e-02 9.458478689193725586e-01
9.104709029197692871e-01 6.159299239516258240e-02 4.089609384536743164e-01
6.443439722061157227e-01 2.776227518916130066e-02 7.642317414283752441e-01
1.276804059743881226e-01 4.850533232092857361e-02 -9.906285405158996582e-01
-1.301299184560775757e-01 -3.637361153960227966e-02 9.908295273780822754e-01
