1.877068728208541870e-01 9.816486835479736328e-01 3.364305943250656128e-02
-2.420388907194137573e-01 7.983092665672302246e-01 5.514703392982482910e-01
3.055611252784729004e-01 8.152223229408264160e-01 4.919807910919189453e-01
2.697415053844451904e-01 9.595816135406494141e-01 8.026663959026336670e-02
-9.005136787891387939e-02 9.955163598060607910e-01 2.894847840070724487e-02
-2.358599305152893066e-01 9.493839740753173828e-01 2.074610441923141479e-01
9.209783375263214111e-02 9.836840033531188965e-01 1.545437872409820557e-01
-2.561056315898895264e-01 9.619639515876770020e-01 9.505371749401092529e-02
4.190578460693359375e-01 7.653313875198364258e-01 4.885267317295074463e-01
-8.827198296785354614e-02 9.163237810134887695e-01 3.905876576900482178e-01
-2.683751285076141357e-01 8.359167575836181641e-01 4.787672162055969238e-01
7.668922096490859985e-02 8.880426287651062012e-01 4.533201456069946289e-01
2.099369615316390991e-01 9.208003282546997070e-01 -3.287145495414733887e-01
-1.357157677412033081e-01 9.419684410095214844e-01 -3.070449829101562500e-01
1.795826554298400879e-01 9.669201374053955078e-01 -1.811506748199462891e-01
3.109609484672546387e-01 9.494010210037231445e-01 -4.405624791979789734e-02
3.073841333389282227e-01 9.437099695205688477e-01 1.221738010644912720e-01
4.559894800186157227e-01 8.588445782661437988e-01 2.333657294511795044e-01
-5.398635268211364746e-01 7.938370108604431152e-01 2.799470424652099609e-01
-4.461792707443237305e-01 7.495788335800170898e-01 4.889332056045532227e-01
-2.301596850156784058e-01 6.410308480262756348e-01 7.321925759315490723e-01
2.105870544910430908e-01 5.929161310195922852e-01 7.772409915924072266e-01
-5.333993434906005859e-01 8.405457139015197754e-01 -9.469995647668838501e-02
-4.305533766746520996e-01 9.007434248924255371e-01 -5.731611698865890503e-02
6.818526983261108398e-01 7.008253931999206543e-01 -2.095725536346435547e-01
6.579440832138061523e-01 5.650523900985717773e-01 4.978206455707550049e-01
-5.934545993804931641e-01 5.590462088584899902e-01 5.790327191352844238e-01
-5.108119249343872070e-01 4.593812525272369385e-01 7.266636490821838379e-01
2.501221597194671631e-01 2.825843989849090576e-01 9.260588288307189941e-01
-1.217341125011444092e-01 3.368497490882873535e-01 9.336557388305664062e-01
2.593755908310413361e-02 7.428261041641235352e-01 -6.689816713333129883e-01
-3.285160660743713379e-01 8.504349589347839355e-01 -4.108984172344207764e-01
5.207276344299316406e-01 6.873102188110351562e-01 -5.064064264297485352e-01
-6.141031980514526367e-01 7.787159681320190430e-01 1.283694207668304443e-01
8.456689715385437012e-01 5.034737586975097656e-01 1.770826578140258789e-01
8.514997363090515137e-01 2.538103461265563965e-01 4.588339030742645264e-01
-5.289860963821411133e-01 5.547288656234741211e-01 -6.422222852706909180e-01
-5.693556070327758789e-01 7.442895174026489258e-01 -3.490948975086212158e-01
-8.963375091552734375e-01 4.160920381546020508e-01 1.531224548816680908e-01
5.396417379379272461e-01 4.135633409023284912e-01 7.333158254623413086e-01
1.394897997379302979e-01 6.049671173095703125e-01 7.839371562004089355e-01
-5.989770889282226562e-01 7.508634924888610840e-01 2.782635688781738281e-01
-7.332816720008850098e-01 9.316366910934448242e-02 6.735121011734008789e-01
8.803414106369018555e-01 4.525685608386993408e-01 1.420588046312332153e-01
1.085916236042976379e-01 4.641467034816741943e-01 -8.790766000747680664e-01
-7.252323627471923828e-01 4.831738770008087158e-01 -4.904904961585998535e-01
-7.165706157684326172e-01 3.794103860855102539e-01 5.852985382080078125e-01
-5.646578669548034668e-01 2.802703380584716797e-01 7.762795686721801758e-01
7.774577140808105469e-01 4.863080382347106934e-02 6.270522475242614746e-01
4.947186112403869629e-01 -1.497058756649494171e-02 8.689242601394653320e-01
-7.898355126380920410e-01 -1.571161597967147827e-01 5.928527712821960449e-01
4.111725464463233948e-02 -1.128089949488639832e-01 9.927655458450317383e-01
-1.029314659535884857e-02 -8.630139827728271484e-01 5.050751566886901855e-01
4.262415766716003418e-01 4.963109791278839111e-01 -7.563024163246154785e-01
6.518391370773315430e-01 3.329394757747650146e-01 -6.813641786575317383e-01
7.396900653839111328e-01 4.613923728466033936e-01 -4.898730516433715820e-01
-6.787159442901611328e-01 4.022279977798461914e-01 -6.144570112228393555e-01
8.744758963584899902e-01 4.079576134681701660e-01 -2.624165415763854980e-01
9.981231689453125000e-01 5.203498154878616333e-02 -3.228781372308731079e-02
9.494842886924743652e-01 -2.662207558751106262e-02 3.126833140850067139e-01
9.104776382446289062e-01 -1.712896972894668579e-01 3.764176368713378906e-01
1.521019171923398972e-02 -3.347052335739135742e-01 9.422001242637634277e-01
-3.238500952720642090e-01 4.186136722564697266e-01 -8.484595417976379395e-01
-4.513716697692871094e-01 3.640678822994232178e-01 -8.146890401840209961e-01
-7.603726387023925781e-01 9.447986632585525513e-02 6.425783634185791016e-01
8.722810149192810059e-01 6.313889473676681519e-02 -4.849117398262023926e-01
-8.088788390159606934e-01 5.809772610664367676e-01 9.044574201107025146e-02
-7.633193731307983398e-01 5.843371152877807617e-02 6.433731317520141602e-01
7.939797639846801758e-01 -3.731313347816467285e-01 4.799678623676300049e-01
-4.698351025581359863e-01 -8.029270172119140625e-02 8.790950179100036621e-01
-6.796649098396301270e-01 4.099188446998596191e-01 -6.082944869995117188e-01
6.496819853782653809e-01 -2.814122140407562256e-01 7.062014341354370117e-01
-2.487839460372924805e-01 -2.589395344257354736e-01 9.333042502403259277e-01
2.674049437046051025e-01 9.611788392066955566e-01 6.804264336824417114e-02
-5.822513103485107422e-01 8.088237047195434570e-01 8.238700032234191895e-02
7.268086075782775879e-01 6.598608493804931641e-01 1.906118839979171753e-01
3.370650410652160645e-01 1.515481919050216675e-01 -9.292041659355163574e-01
-1.026121750473976135e-01 1.509621143341064453e-01 -9.831994771957397461e-01
-4.179029762744903564e-01 8.167862296104431152e-01 3.977654874324798584e-01
7.359374761581420898e-01 6.354584097862243652e-01 2.336419671773910522e-01
2.887138426303863525e-01 8.152056336402893066e-01 5.020797848701477051e-01
-2.267981320619583130e-01 7.010324597358703613e-01 6.761035919189453125e-01
-7.524471282958984375e-01 5.097784996032714844e-01 -4.170722365379333496e-01
-3.130423724651336670e-01 9.110133647918701172e-01 -2.684382498264312744e-01
9.468837976455688477e-01 -3.170191049575805664e-01 5.394456163048744202e-02
-6.158329844474792480e-01 -3.561915457248687744e-01 7.027640938758850098e-01
3.334208726882934570e-01 -4.033116400241851807e-01 8.521562218666076660e-01
-7.027354091405868530e-02 9.799032211303710938e-01 -1.866852194070816040e-01
1.379049266688525677e-03 9.919802546501159668e-01 -1.263857185840606689e-01
7.134963274002075195e-01 5.816989541053771973e-01 3.905757069587707520e-01
6.095519065856933594e-01 -3.405408561229705811e-02 -7.920144200325012207e-01
-4.358935356140136719e-01 6.910552978515625000e-01 -5.765755772590637207e-01
5.361375808715820312e-01 8.057635426521301270e-01 2.515980005264282227e-01
3.274776041507720947e-01 8.580774664878845215e-01 3.955521285533905029e-01
-4.274815320968627930e-01 9.014530181884765625e-01 6.813164055347442627e-02
-4.054302573204040527e-01 9.100144505500793457e-01 8.660282194614410400e-02
-1.640517078340053558e-02 6.729146242141723633e-01 7.395382523536682129e-01
-5.055088996887207031e-01 7.279921174049377441e-01 4.631286263465881348e-01
-3.447381854057312012e-01 -5.074813961982727051e-01 7.896949648857116699e-01
-2.671540342271327972e-02 -5.041717290878295898e-01 8.631901144981384277e-01
6.201909780502319336e-01 6.516273021697998047e-01 -4.367436468601226807e-01
-5.493590235710144043e-01 7.788147330284118652e-01 -3.027411401271820068e-01
-8.770002722740173340e-01 4.343720674514770508e-01 -2.054052352905273438e-01
9.538557529449462891e-01 1.242886632680892944e-01 2.733339071273803711e-01
-8.022961765527725220e-02 -3.369077742099761963e-01 -9.381132125854492188e-01
5.445762276649475098e-01 8.366512060165405273e-01 5.874946340918540955e-02
-7.211661934852600098e-01 5.707446932792663574e-01 3.926446437835693359e-01
-1.293720006942749023e-01 9.791463613510131836e-01 -1.566378027200698853e-01
2.910547554492950439e-01 9.337119460105895996e-01 2.084925025701522827e-01
-5.821812748908996582e-01 3.204358220100402832e-01 7.472522854804992676e-01
-4.536162912845611572e-01 4.218868613243103027e-01 7.850119471549987793e-01
-5.386428236961364746e-01 -3.665826618671417236e-01 7.586047053337097168e-01
-2.860368192195892334e-01 6.156971454620361328e-01 -7.342342734336853027e-01
2.732515037059783936e-01 2.883506119251251221e-01 -9.177077412605285645e-01
9.714072346687316895e-01 4.435768723487854004e-02 2.332386374473571777e-01
3.998895362019538879e-02 -3.029406964778900146e-01 -9.521701335906982422e-01
2.011477202177047729e-01 -4.199654161930084229e-01 -8.849681615829467773e-01
-3.682024478912353516e-01 6.736990064382553101e-02 -9.273015260696411133e-01
6.397441029548645020e-01 6.991269588470458984e-01 -3.192944824695587158e-01
-4.354932904243469238e-01 3.046105615794658661e-02 8.996764421463012695e-01
-3.100299239158630371e-01 2.984028756618499756e-01 9.026833176612854004e-01
-6.328533887863159180e-01 5.135958790779113770e-01 -5.794099569320678711e-01
-8.516511917114257812e-01 4.955111443996429443e-01 1.707601696252822876e-01
1.038621813058853149e-01 -8.965858072042465210e-02 -9.905422329902648926e-01
7.981421947479248047e-01 -3.537011444568634033e-01 -4.877136945724487305e-01
-7.219911813735961914e-01 2.117461860179901123e-01 6.587049961090087891e-01
8.428718447685241699e-01 -5.240474939346313477e-01 1.222345381975173950e-01
-3.122822046279907227e-01 -1.548070311546325684e-01 9.372910857200622559e-01
-2.108198255300521851e-01 -7.532407641410827637e-01 6.230435967445373535e-01
9.120901823043823242e-01 -4.157672636210918427e-03 -4.099686145782470703e-01
9.949887990951538086e-01 7.370650768280029297e-02 6.756198406219482422e-02
-1.362638473510742188e-01 5.941261649131774902e-01 -7.927460670471191406e-01
-8.822227716445922852e-01 4.123095571994781494e-01 2.273406982421875000e-01
-1.191964894533157349e-01 7.939822077751159668e-01 -5.961413383483886719e-01
8.954932689666748047e-01 -3.876517117023468018e-01 -2.186728864908218384e-01
-2.745622098445892334e-01 -1.477161943912506104e-01 9.501555562019348145e-01
-3.421770036220550537e-01 -5.717888474464416504e-01 7.456355094909667969e-01
5.261231660842895508e-01 -5.945929288864135742e-01 6.079915165901184082e-01
1.569597721099853516e-01 -6.940039992332458496e-01 7.026535868644714355e-01
-7.087767124176025391e-02 1.785208284854888916e-01 -9.813799262046813965e-01
9.107979536056518555e-01 3.669086694717407227e-01 1.892751008272171021e-01
-9.717106819152832031e-01 1.819796115159988403e-01 -1.505381315946578979e-01
5.438942313194274902e-01 6.807633638381958008e-01 -4.906529784202575684e-01
4.140545055270195007e-02 -6.912146210670471191e-01 -7.214623093605041504e-01
-1.362782418727874756e-01 -7.664374113082885742e-01 -6.276956796646118164e-01
2.831843793392181396e-01 -3.971651196479797363e-01 -8.729641437530517578e-01
3.164343237876892090e-01 -5.871528983116149902e-01 -7.450642585754394531e-01
-1.255840212106704712e-01 -7.746590971946716309e-01 -6.197837591171264648e-01
-4.733021184802055359e-02 -7.716366648674011230e-01 -6.343001127243041992e-01
1.924014538526535034e-01 -7.435216903686523438e-01 -6.404351592063903809e-01
-6.488562822341918945e-01 6.214074790477752686e-02 7.583693265914916992e-01
-4.272387325763702393e-01 1.452053785324096680e-01 -8.924026489257812500e-01
-5.991272926330566406e-01 3.323976993560791016e-01 -7.283943295478820801e-01
7.093958854675292969e-01 6.742301583290100098e-01 -2.053564190864562988e-01
5.299859642982482910e-01 -1.725526154041290283e-01 -8.302652835845947266e-01
-2.362949550151824951e-01 -7.323207259178161621e-01 -6.386478543281555176e-01
-9.174342155456542969e-01 1.586624234914779663e-01 3.648845255374908447e-01
-4.645964503288269043e-02 -7.786363363265991211e-01 -6.257531046867370605e-01
-2.525491118431091309e-01 -7.930889725685119629e-01 -5.542821884155273438e-01
5.506891608238220215e-01 -7.629926800727844238e-01 -3.385021388530731201e-01
7.686727643013000488e-01 -6.017174720764160156e-01 -2.169752866029739380e-01
-7.222155332565307617e-01 1.208240389823913574e-01 6.810331940650939941e-01
6.211207509040832520e-01 -7.089409232139587402e-01 3.340835869312286377e-01
-1.247995644807815552e-01 -2.663353085517883301e-01 9.557669758796691895e-01
3.059087991714477539e-01 -8.355432748794555664e-01 4.563848376274108887e-01
6.346273422241210938e-01 1.266176998615264893e-02 -7.727145552635192871e-01
-6.429880261421203613e-01 -1.218673400580883026e-02 -7.657793760299682617e-01
-7.887521386146545410e-01 2.648882865905761719e-01 -5.547108650207519531e-01
2.597489655017852783e-01 3.324584662914276123e-01 -9.066431522369384766e-01
3.703320026397705078e-01 -6.576467156410217285e-01 -6.560145020484924316e-01
1.873420178890228271e-01 -8.384572267532348633e-01 -5.117543339729309082e-01
-5.469308700412511826e-03 -7.480504512786865234e-01 -6.636193394660949707e-01
2.199560850858688354e-01 -8.561846017837524414e-01 -4.675116539001464844e-01
-4.361298084259033203e-01 -1.323354244232177734e-01 8.901000618934631348e-01
-2.020596563816070557e-01 -7.978267669677734375e-01 -5.680180191993713379e-01
5.739679187536239624e-02 -6.923102736473083496e-01 7.193136215209960938e-01
2.324167452752590179e-02 -8.911792039871215820e-01 4.530556797981262207e-01
3.959517180919647217e-02 -9.988235831260681152e-01 2.799376286566257477e-02
-4.977525025606155396e-02 -9.109911918640136719e-01 4.094111025333404541e-01
-1.672260463237762451e-02 -9.916714429855346680e-01 1.277035027742385864e-01
7.782390713691711426e-01 6.242163777351379395e-01 -6.854069977998733521e-02
-8.965323567390441895e-01 1.599737852811813354e-01 -4.130838215351104736e-01
4.878805279731750488e-01 1.883276849985122681e-01 -8.523527979850769043e-01
6.490877270698547363e-01 -5.621249675750732422e-01 -5.125433802604675293e-01
3.472017645835876465e-01 -9.293173551559448242e-01 -1.257789433002471924e-01
3.946023881435394287e-01 -9.130145311355590820e-01 -1.034097075462341309e-01
1.747745126485824585e-01 -9.829378724098205566e-01 -5.733263492584228516e-02
-6.033253669738769531e-01 -6.927298009395599365e-02 -7.944807410240173340e-01
3.330553174018859863e-01 7.260351181030273438e-01 -6.016204357147216797e-01
5.339751243591308594e-01 4.634403288364410400e-01 -7.071729898452758789e-01
6.876060962677001953e-01 1.134929805994033813e-01 -7.171590924263000488e-01
-9.868839383125305176e-01 -1.252729166299104691e-02 1.609443426132202148e-01
8.284295797348022461e-01 -5.597859621047973633e-01 -1.854760758578777313e-02
-3.140797913074493408e-01 -2.246132194995880127e-01 9.224439263343811035e-01
5.002377629280090332e-01 -8.100221157073974609e-01 3.059841990470886230e-01
-6.008856892585754395e-01 1.179391145706176758e-01 7.905862331390380859e-01
6.345141530036926270e-01 -4.426965117454528809e-01 6.335705518722534180e-01
-1.198541559278964996e-02 -4.683125391602516174e-02 -9.988309144973754883e-01
-4.663425981998443604e-01 -1.603667438030242920e-01 -8.699465990066528320e-01
-7.201871275901794434e-01 1.797828674316406250e-01 6.700810790061950684e-01
8.150785565376281738e-01 -1.975023895502090454e-01 -5.446465015411376953e-01
5.968193411827087402e-01 -6.455407142639160156e-01 4.765331447124481201e-01
3.876067101955413818e-01 -3.252311050891876221e-01 8.625460863113403320e-01
4.227653741836547852e-01 1.175615862011909485e-01 -8.985814452171325684e-01
8.180165290832519531e-01 3.764349818229675293e-01 -4.349088072776794434e-01
-3.578279912471771240e-01 -1.818265467882156372e-01 -9.159138798713684082e-01
7.199141383171081543e-01 4.450117349624633789e-01 -5.326238870620727539e-01
-7.289456129074096680e-01 -2.145315557718276978e-01 -6.500881314277648926e-01
-8.649285435676574707e-01 6.259795278310775757e-02 4.979760348796844482e-01
-6.002481579780578613e-01 7.092025130987167358e-02 7.966633439064025879e-01
-2.028910517692565918e-01 -1.315505355596542358e-01 9.703245162963867188e-01
-6.189600825309753418e-01 -2.314269393682479858e-01 -7.505531311035156250e-01
5.121824145317077637e-01 4.730416238307952881e-01 -7.168686985969543457e-01
-4.671815931797027588e-01 -2.730780243873596191e-01 8.409338593482971191e-01
-3.705402314662933350e-01 -1.190468519926071167e-01 9.211556911468505859e-01
9.801580309867858887e-01 -1.469936519861221313e-01 -1.329780519008636475e-01
-8.320203423500061035e-01 -4.399880468845367432e-01 3.378649950027465820e-01
-5.341390371322631836e-01 -2.791868746280670166e-01 7.979662418365478516e-01
2.112658470869064331e-01 -9.793073683977127075e-02 9.725102782249450684e-01
-1.101704016327857971e-01 -2.131621092557907104e-01 -9.707854390144348145e-01
7.941942214965820312e-01 -4.040351808071136475e-01 4.538845419883728027e-01
-3.178660869598388672e-01 -8.082586526870727539e-02 9.446842670440673828e-01
-2.801660597324371338e-01 -2.565826773643493652e-01 -9.250255823135375977e-01
5.270563960075378418e-01 2.685837447643280029e-01 -8.062718510627746582e-01
7.019106149673461914e-01 5.668174028396606445e-01 -4.313229620456695557e-01
-8.988752961158752441e-01 -3.802139461040496826e-01 -2.178545147180557251e-01
-8.438147306442260742e-01 -5.338543057441711426e-01 -5.455519631505012512e-02
8.278452754020690918e-01 -3.371464014053344727e-01 4.483351409435272217e-01
-4.446012675762176514e-01 -3.351481854915618896e-01 -8.306656479835510254e-01
-7.248196601867675781e-01 -4.996975362300872803e-01 -4.742771685123443604e-01
-6.721556186676025391e-01 -5.946916341781616211e-01 4.410767257213592529e-01
-8.258616924285888672e-01 -3.753261864185333252e-01 4.208118617534637451e-01
5.704162120819091797e-01 -1.214361637830734253e-01 8.123291730880737305e-01
8.727249503135681152e-01 -9.533723443746566772e-02 4.788131117820739746e-01
6.230802088975906372e-02 -6.087084114551544189e-02 -9.961990118026733398e-01
-8.380669951438903809e-01 -3.590439558029174805e-01 -4.107689261436462402e-01
8.696959614753723145e-01 1.668853461742401123e-01 4.645193219184875488e-01
8.274267315864562988e-01 -4.030577242374420166e-01 3.910364210605621338e-01
-4.680805504322052002e-01 -3.114863485097885132e-02 8.831366300582885742e-01
-9.400078654289245605e-02 -6.634517759084701538e-02 -9.933590292930603027e-01
3.084174096584320068e-01 5.048962831497192383e-01 -8.061999678611755371e-01
-2.606888115406036377e-01 -2.640777230262756348e-01 -9.286034107208251953e-01
7.435021400451660156e-01 -2.414390593767166138e-01 6.236278414726257324e-01
-8.371183872222900391e-01 -1.655380427837371826e-01 5.213732719421386719e-01
9.246038198471069336e-01 -2.092464268207550049e-01 3.183138966560363770e-01
-2.599020302295684814e-01 4.507994651794433594e-02 9.645822048187255859e-01
2.537950575351715088e-01 7.633597254753112793e-01 -5.940285921096801758e-01
4.138369858264923096e-01 6.686704158782958984e-01 -6.177529692649841309e-01
8.929787278175354004e-01 4.326187372207641602e-01 -1.242178678512573242e-01
-9.616076946258544922e-01 -2.610234022140502930e-01 8.471964299678802490e-02
-8.711891174316406250e-01 -2.693476080894470215e-01 -4.104647338390350342e-01
6.700213551521301270e-01 3.546645641326904297e-01 -6.521383523941040039e-01
-3.303074240684509277e-01 -3.004336655139923096e-01 -8.947830200195312500e-01
-1.917278766632080078e-01 -2.611280381679534912e-01 -9.460722208023071289e-01
-6.628243923187255859e-01 -2.948146462440490723e-01 -6.882935762405395508e-01
9.829470515251159668e-01 -1.313689053058624268e-01 1.286750584840774536e-01
-4.754669368267059326e-01 6.499594449996948242e-02 8.773294091224670410e-01
9.924792051315307617e-01 6.832636147737503052e-02 1.015705689787864685e-01
5.542931556701660156e-01 1.067496463656425476e-01 8.254475593566894531e-01
2.057781219482421875e-01 1.147154271602630615e-01 -9.718517065048217773e-01
4.900896847248077393e-01 -8.240769803524017334e-02 8.677678108215332031e-01
-7.686661481857299805e-01 4.853000398725271225e-03 6.396317481994628906e-01
-1.914467066526412964e-01 -4.308812022209167480e-01 -8.818670511245727539e-01
9.871597886085510254e-01 -3.413991257548332214e-02 1.560452133417129517e-01
7.480825185775756836e-01 -9.483823180198669434e-02 -6.567938327789306641e-01
3.554619848728179932e-01 -1.972360312938690186e-01 9.136436581611633301e-01
-9.834376573562622070e-01 -1.273993700742721558e-01 1.289179325103759766e-01
-4.524963796138763428e-01 1.015550568699836731e-01 8.859647512435913086e-01
1.439859569072723389e-01 -4.614373147487640381e-01 -8.754105567932128906e-01
-1.711803674697875977e-01 -3.451101481914520264e-01 -9.228197336196899414e-01
-8.833331465721130371e-01 -1.993490159511566162e-01 -4.242435097694396973e-01
7.496470808982849121e-01 -6.153343319892883301e-01 2.437067627906799316e-01
7.121362090110778809e-01 -5.763106942176818848e-01 -4.009090662002563477e-01
-6.677384972572326660e-01 -2.201980650424957275e-01 -7.110823988914489746e-01
-1.043395921587944031e-01 -5.878727436065673828e-01 -8.021963238716125488e-01
2.381957322359085083e-01 -8.052690625190734863e-01 -5.429590344429016113e-01
-2.787901759147644043e-01 -2.220118343830108643e-01 -9.343376159667968750e-01
6.888052225112915039e-01 -6.256556510925292969e-01 3.662000000476837158e-01
9.927762746810913086e-01 1.233586389571428299e-02 1.193447783589363098e-01
9.106014966964721680e-01 1.452945023775100708e-01 3.869036138057708740e-01
5.264461040496826172e-01 1.646067649126052856e-01 8.341217041015625000e-01
9.273688495159149170e-02 -4.679743051528930664e-01 -8.788628578186035156e-01
2.605245709419250488e-01 -7.868953347206115723e-01 -5.593949556350708008e-01
-9.868122339248657227e-01 -8.700986951589584351e-02 1.364946216344833374e-01
-1.090446114540100098e-01 1.672873049974441528e-01 9.798592925071716309e-01
9.189815521240234375e-01 -3.474154770374298096e-01 -1.864815205335617065e-01
-6.756839752197265625e-01 9.427616745233535767e-02 7.311382889747619629e-01
-3.600284457206726074e-02 -1.802893877029418945e-01 -9.829545021057128906e-01
6.405915617942810059e-01 -5.394995212554931641e-01 -5.464271903038024902e-01
9.064148664474487305e-01 -6.746858358383178711e-02 -4.169653952121734619e-01
-5.126107335090637207e-01 -2.291109859943389893e-01 -8.274892568588256836e-01
9.841849207878112793e-01 -4.441014025360345840e-03 -1.770886182785034180e-01
9.937047958374023438e-01 8.814078569412231445e-02 -6.915199011564254761e-02
1.465735286474227905e-01 -2.093145847320556641e-01 -9.668007493019104004e-01
-9.241203665733337402e-01 -4.402754083275794983e-02 3.795565068721771240e-01
2.543124854564666748e-01 2.070756554603576660e-01 9.446929693222045898e-01
-3.274352550506591797e-01 -2.045284658670425415e-01 -9.224718213081359863e-01
1.068986058235168457e-01 -1.214235946536064148e-01 -9.868277311325073242e-01
5.552656054496765137e-01 -2.678080201148986816e-01 -7.873746752738952637e-01
9.807004332542419434e-01 1.179247163236141205e-02 -1.951605081558227539e-01
-4.743008017539978027e-01 1.509452462196350098e-01 8.673259615898132324e-01
-1.647738665342330933e-01 1.930576115846633911e-01 9.672530293464660645e-01
6.965335607528686523e-01 1.898109465837478638e-01 6.919629573822021484e-01
4.737167954444885254e-01 -1.000991091132164001e-01 -8.749700784683227539e-01
-7.582587599754333496e-01 6.246522068977355957e-02 6.489543318748474121e-01
-9.665467739105224609e-01 -1.835094392299652100e-01 -1.791970878839492798e-01
4.526602625846862793e-01 2.087851017713546753e-01 8.668953180313110352e-01
6.770070195198059082e-01 -7.591611146926879883e-02 -7.320507168769836426e-01
-9.100680351257324219e-01 -3.294615447521209717e-02 4.131473004817962646e-01
9.681318402290344238e-01 1.518193632364273071e-01 1.991770714521408081e-01
4.587458446621894836e-03 -1.393150985240936279e-01 -9.902374744415283203e-01
-9.872854351997375488e-01 -1.589554846286773682e-01 6.952949333935976028e-04
-6.748300790786743164e-01 6.015394255518913269e-02 7.355173826217651367e-01
9.771068096160888672e-01 1.045717149972915649e-01 -1.852760910987854004e-01
-4.091164171695709229e-01 1.275250911712646484e-01 9.035270214080810547e-01
-6.214796304702758789e-01 -2.260321378707885742e-01 -7.501150369644165039e-01
8.908784985542297363e-01 7.445852458477020264e-02 -4.480975568294525146e-01
8.695724010467529297e-01 -6.767345964908599854e-02 -4.891463518142700195e-01
-6.353364139795303345e-02 1.696398258209228516e-01 9.834560751914978027e-01
6.730263233184814453e-01 -4.333259537816047668e-02 -7.383480072021484375e-01
-8.258740305900573730e-01 -2.665342390537261963e-01 -4.968818724155426025e-01
3.345071375370025635e-01 -1.162140518426895142e-01 -9.352001547813415527e-01
-3.434346318244934082e-01 -2.349009513854980469e-01 -9.093261957168579102e-01
-9.818091988563537598e-01 -1.701904684305191040e-01 -8.417755365371704102e-02
9.719520807266235352e-01 1.219612583518028259e-01 -2.010840624570846558e-01
-6.122570633888244629e-01 -2.871062159538269043e-01 -7.366894483566284180e-01
8.187175989151000977e-01 2.131338268518447876e-01 5.331749320030212402e-01
2.498669177293777466e-01 1.465501934289932251e-01 9.571257233619689941e-01
-9.810761213302612305e-01 -1.264507472515106201e-01 1.466284245252609253e-01
-6.193378567695617676e-01 4.593013226985931396e-02 7.837799787521362305e-01
8.312808722257614136e-02 -1.443428248167037964e-01 -9.860298037528991699e-01
7.592476606369018555e-01 6.938157975673675537e-02 -6.470928192138671875e-01
9.848183393478393555e-01 1.658736318349838257e-01 5.117324367165565491e-02
5.710318684577941895e-01 1.951070427894592285e-01 7.974057197570800781e-01
-2.740994691848754883e-01 5.692253634333610535e-02 9.600152969360351562e-01
9.508188366889953613e-01 1.315468996763229370e-01 -2.804268002510070801e-01
-5.778920650482177734e-01 -2.860498428344726562e-01 -7.643404006958007812e-01
-9.035071730613708496e-01 -5.809479951858520508e-02 4.246173202991485596e-01
8.711650967597961426e-01 1.942907422780990601e-01 4.509128034114837646e-01
-9.210801720619201660e-01 -2.084419727325439453e-01 -3.288818299770355225e-01
3.364655971527099609e-01 -6.792092323303222656e-02 -9.392431378364562988e-01
-8.012235760688781738e-01 -2.486797273159027100e-01 -5.442417860031127930e-01
-9.751111865043640137e-01 -1.392248570919036865e-01 1.725531518459320068e-01
-7.428851127624511719e-01 -4.311393946409225464e-02 6.680291295051574707e-01
-3.387334942817687988e-01 -2.548562884330749512e-01 -9.057084918022155762e-01
6.620343327522277832e-01 1.513450443744659424e-01 7.340335249900817871e-01
-6.254713535308837891e-01 -2.660534977912902832e-01 -7.334856390953063965e-01
-7.523283958435058594e-01 -2.609601914882659912e-01 -6.048981547355651855e-01
9.630322456359863281e-01 1.780098378658294678e-01 2.021915167570114136e-01
9.701808691024780273e-01 1.666754186153411865e-01 -1.759783327579498291e-01
1.800407469272613525e-01 8.582542091608047485e-02 9.799078702926635742e-01
4.243998825550079346e-01 8.041856437921524048e-02 -9.018967151641845703e-01
-2.749112844467163086e-01 -1.524682492017745972e-01 -9.493035674095153809e-01
-3.009384870529174805e-01 6.202352233231067657e-04 9.536433219909667969e-01
-5.865660309791564941e-01 -2.210507541894912720e-01 -7.791513800621032715e-01
9.196192026138305664e-01 1.437067389488220215e-01 -3.655801117420196533e-01
-6.680146455764770508e-01 -1.666916906833648682e-01 -7.252381443977355957e-01
7.684607505798339844e-01 1.332277655601501465e-01 -6.258742213249206543e-01
-7.035850882530212402e-01 -2.037535160779953003e-01 -6.807734966278076172e-01
-4.809528887271881104e-01 -3.242392465472221375e-02 8.761466741561889648e-01
-7.149619460105895996e-01 -8.272240310907363892e-02 6.942524313926696777e-01
-5.446571707725524902e-01 -8.716367185115814209e-02 -8.341168761253356934e-01
9.178489446640014648e-01 1.641104966402053833e-01 -3.614153563976287842e-01
6.599549651145935059e-01 1.480885446071624756e-01 7.365658879280090332e-01
3.091307878494262695e-01 1.130045875906944275e-01 9.442817568778991699e-01
-6.159485578536987305e-01 -1.709678322076797485e-01 -7.690106034278869629e-01
9.792928695678710938e-01 1.889812350273132324e-01 -7.260539382696151733e-02
3.650145977735519409e-02 8.350318297743797302e-03 -9.992987513542175293e-01
-9.474778175354003906e-01 -1.840821951627731323e-01 -2.615329623222351074e-01
8.832281231880187988e-01 1.824509501457214355e-01 4.319949448108673096e-01
-1.201556921005249023e-01 2.926255762577056885e-02 9.923236966133117676e-01
-9.786830544471740723e-01 -1.511275172233581543e-01 1.390683054924011230e-01
5.669330954551696777e-01 1.284128129482269287e-01 8.136934638023376465e-01
-4.459868669509887695e-01 -8.879505097866058350e-03 8.949954509735107422e-01
9.039013385772705078e-01 9.194489568471908569e-02 -4.177420735359191895e-01
-7.271358966827392578e-01 -1.510321348905563354e-01 -6.696735024452209473e-01
9.444799423217773438e-01 1.736517995595932007e-01 -2.789314389228820801e-01
-7.415395975112915039e-01 -1.868667453527450562e-01 -6.443600654602050781e-01
