-1.176359597593545914e-02 9.941110610961914062e-01 1.077253669500350952e-01
-3.281748890876770020e-01 8.602865338325500488e-01 3.901388049125671387e-01
3.101862370967864990e-01 6.914214491844177246e-01 6.524728536605834961e-01
1.270148754119873047e-01 9.829532504081726074e-01 -1.329288631677627563e-01
-3.031851649284362793e-01 9.472965598106384277e-01 1.034793928265571594e-01
6.068754196166992188e-01 7.335102558135986328e-01 3.060472309589385986e-01
2.330172955989837646e-01 9.121690392494201660e-01 3.371209800243377686e-01
-4.168776273727416992e-01 8.082319498062133789e-01 4.159017503261566162e-01
-5.888264179229736328e-01 6.314045190811157227e-01 5.045906901359558105e-01
3.705039024353027344e-01 4.304781556129455566e-01 8.230524659156799316e-01
-1.102962940931320190e-01 6.632460951805114746e-01 7.402292490005493164e-01
-4.655777513980865479e-01 8.845523595809936523e-01 2.836062014102935791e-02
8.470209240913391113e-01 4.364871680736541748e-01 3.033719360828399658e-01
7.468971014022827148e-01 2.185713350772857666e-01 6.279898285865783691e-01
-3.172691166400909424e-01 2.754490375518798828e-01 9.074514508247375488e-01
-3.932138497475534678e-04 1.335433721542358398e-01 9.910428524017333984e-01
4.961155951023101807e-01 8.177704811096191406e-01 -2.917547225952148438e-01
-8.466503620147705078e-01 5.230368375778198242e-01 9.805915504693984985e-02
4.636039137840270996e-01 2.798154205083847046e-02 8.856005668640136719e-01
-3.154699206352233887e-01 8.081926703453063965e-01 -4.972960352897644043e-01
2.671587765216827393e-01 7.490873336791992188e-01 -6.062130928039550781e-01
8.398317098617553711e-01 5.328158736228942871e-01 -1.038749217987060547e-01
-6.890270709991455078e-01 1.449450105428695679e-01 7.100932598114013672e-01
-6.796446442604064941e-01 4.797107577323913574e-01 -5.549420118331909180e-01
6.615845561027526855e-01 4.942634403705596924e-01 -5.639233589172363281e-01
-7.868557572364807129e-01 5.380930900573730469e-01 -3.021816611289978027e-01
-7.622386217117309570e-01 6.430978178977966309e-01 -7.360307872295379639e-02
9.516038894653320312e-01 1.629871502518653870e-02 3.068946301937103271e-01
2.584125697612762451e-01 -2.579395771026611328e-01 9.309619069099426270e-01
-2.358103692531585693e-01 4.655002355575561523e-01 -8.530551195144653320e-01
-8.275590538978576660e-01 2.542309761047363281e-01 5.005123615264892578e-01
-7.608408331871032715e-01 -1.312043517827987671e-01 6.355364918708801270e-01
-5.522689819335937500e-01 -1.765404939651489258e-01 8.147591352462768555e-01
4.358326196670532227e-01 3.437508046627044678e-01 -8.317964076995849609e-01
-4.355469644069671631e-01 6.945248246192932129e-01 -5.726552605628967285e-01
6.545864939689636230e-01 -3.648617565631866455e-01 6.621120572090148926e-01
-5.448381304740905762e-01 4.038081467151641846e-01 -7.349082827568054199e-01
9.135904908180236816e-01 9.955314546823501587e-02 -3.942608535289764404e-01
-4.588857293128967285e-01 -6.406822204589843750e-01 6.155893206596374512e-01
-1.281890869140625000e-01 -3.570856451988220215e-01 9.252337217330932617e-01
-2.363256216049194336e-01 9.553444385528564453e-01 -1.773897707462310791e-01
-3.751874864101409912e-01 9.119200110435485840e-01 1.662415117025375366e-01
3.241799473762512207e-01 8.913651704788208008e-01 3.168208599090576172e-01
2.860507071018218994e-01 8.824539184570312500e-01 3.734301924705505371e-01
-3.581160604953765869e-01 8.173425197601318359e-01 4.513359665870666504e-01
1.150980740785598755e-01 7.908391356468200684e-01 6.011039018630981445e-01
1.224456951022148132e-01 7.486647963523864746e-01 6.515428423881530762e-01
-6.302069425582885742e-01 -4.209306836128234863e-01 6.524236202239990234e-01
1.082039810717105865e-02 9.704049825668334961e-01 -2.412406802177429199e-01
6.554822325706481934e-01 7.407690286636352539e-01 1.469835042953491211e-01
9.293345361948013306e-02 1.666830033063888550e-01 -9.816212058067321777e-01
1.091341227293014526e-01 9.505796432495117188e-01 2.906682193279266357e-01
-1.926881223917007446e-01 9.491166472434997559e-01 -2.490961700677871704e-01
-3.757647573947906494e-01 7.553532123565673828e-01 5.368821024894714355e-01
-5.530589222908020020e-01 5.901983380317687988e-01 -5.880406498908996582e-01
-7.795918732881546021e-03 9.393551945686340332e-01 -3.428571820259094238e-01
2.697384357452392578e-01 9.273657798767089844e-01 2.592949867248535156e-01
5.355134010314941406e-01 7.574262022972106934e-01 3.735384643077850342e-01
-7.978225946426391602e-01 4.535213410854339600e-01 -3.972374498844146729e-01
-8.816905021667480469e-01 4.356891512870788574e-01 1.810987144708633423e-01
6.573403477668762207e-01 6.886822730302810669e-02 -7.504404187202453613e-01
3.942359685897827148e-01 8.365284204483032227e-01 -3.805236518383026123e-01
-6.792165637016296387e-01 3.746037185192108154e-01 6.311393380165100098e-01
-4.042218998074531555e-02 4.742891192436218262e-01 8.794406056404113770e-01
-4.217332005500793457e-01 -8.618041872978210449e-02 9.026150703430175781e-01
-2.592456340789794922e-01 4.755570888519287109e-01 8.406171202659606934e-01
-6.289684772491455078e-01 1.046137139201164246e-01 7.703601121902465820e-01
5.505330562591552734e-01 8.343961238861083984e-01 -2.639175765216350555e-02
-1.050159707665443420e-01 8.438825011253356934e-01 -5.261501669883728027e-01
8.228950500488281250e-01 2.335856705904006958e-01 5.179589390754699707e-01
7.509569525718688965e-01 2.450360804796218872e-01 6.132054924964904785e-01
8.158652782440185547e-01 5.543562173843383789e-01 -1.644781380891799927e-01
2.667376995086669922e-01 -1.922557055950164795e-01 -9.443986415863037109e-01
-8.955619297921657562e-03 9.822490811347961426e-02 -9.951239228248596191e-01
-8.716688752174377441e-01 1.394681483507156372e-01 4.698318243026733398e-01
4.088100790977478027e-01 -6.156555414199829102e-01 -6.736784577369689941e-01
7.609684467315673828e-01 -4.895852506160736084e-01 -4.257151186466217041e-01
-2.115968763828277588e-01 1.724687069654464722e-01 9.620193839073181152e-01
-3.812858760356903076e-01 -2.470555752515792847e-01 8.908336758613586426e-01
8.390636444091796875e-01 -4.276165068149566650e-01 3.363275527954101562e-01
-5.592749118804931641e-01 -6.284594535827636719e-01 5.406017899513244629e-01
1.419536769390106201e-01 -7.652563452720642090e-01 6.278789043426513672e-01
-4.554567635059356689e-01 5.928265452384948730e-01 -6.641654372215270996e-01
9.857247471809387207e-01 9.714479744434356689e-02 -1.375123858451843262e-01
1.554404944181442261e-01 7.436018586158752441e-01 -6.503034234046936035e-01
-8.537091314792633057e-02 -8.871681094169616699e-01 4.534804522991180420e-01
8.544543981552124023e-01 3.972775042057037354e-01 3.347809016704559326e-01
2.183309942483901978e-01 -5.183138251304626465e-01 -8.268508911132812500e-01
-7.465389370918273926e-01 -1.320700049400329590e-01 6.521019935607910156e-01
-4.228731989860534668e-01 -2.863991558551788330e-01 8.597405552864074707e-01
4.700739979743957520e-01 2.606000900268554688e-01 -8.432781100273132324e-01
9.571895003318786621e-01 1.246984153985977173e-01 2.612249851226806641e-01
7.341039925813674927e-02 5.590737462043762207e-01 -8.258615732192993164e-01
5.329809784889221191e-01 -2.238220274448394775e-01 -8.159871101379394531e-01
1.389265209436416626e-01 -5.272243022918701172e-01 -8.382922410964965820e-01
2.920222096145153046e-02 -6.445398926734924316e-01 -7.640128135681152344e-01
8.846612572669982910e-01 -4.655893743038177490e-01 -2.451299875974655151e-02
5.817695260047912598e-01 -7.925274372100830078e-01 1.828779727220535278e-01
-4.982669278979301453e-02 3.816457688808441162e-01 -9.229646325111389160e-01
-4.996261894702911377e-01 1.155844703316688538e-01 -8.584951758384704590e-01
-9.581354856491088867e-01 2.851528227329254150e-01 2.577164955437183380e-02
-9.729111194610595703e-01 1.819867491722106934e-01 -1.425646990537643433e-01
1.580846309661865234e-01 -6.339874863624572754e-01 -7.570133209228515625e-01
3.495529592037200928e-01 -8.361768126487731934e-01 -4.226358532905578613e-01
3.392257094383239746e-01 -9.023054838180541992e-01 -2.660275995731353760e-01
8.069002032279968262e-01 -5.906863808631896973e-01 1.250884379260241985e-03
3.674190044403076172e-01 -9.111922979354858398e-01 1.863648146390914917e-01
-1.302797794342041016e-01 -5.566679835319519043e-01 8.204558491706848145e-01
6.007583811879158020e-02 -9.951614141464233398e-01 -7.774750888347625732e-02
8.988775014877319336e-01 -2.507451176643371582e-02 -4.374822080135345459e-01
-9.243759512901306152e-01 3.272296786308288574e-01 -1.960862725973129272e-01
6.471271514892578125e-01 6.626074910163879395e-01 -3.770647048950195312e-01
-7.764310836791992188e-01 -2.550206184387207031e-01 5.762978792190551758e-01
-5.172253251075744629e-01 -4.065163731575012207e-01 7.531417608261108398e-01
6.635128259658813477e-01 -7.289890050888061523e-01 1.683026254177093506e-01
-4.761065542697906494e-01 -2.010016888380050659e-01 8.561079502105712891e-01
2.508522272109985352e-01 -9.521516039967536926e-03 -9.679785966873168945e-01
-7.821521162986755371e-01 2.456910312175750732e-01 -5.726028084754943848e-01
8.072848916053771973e-01 -3.848622143268585205e-01 -4.474060237407684326e-01
-5.494149327278137207e-01 -3.377016484737396240e-01 7.642648816108703613e-01
6.824660301208496094e-01 3.186901807785034180e-01 -6.577816009521484375e-01
5.247517228126525879e-01 -6.495215892791748047e-01 5.502339005470275879e-01
1.491084396839141846e-01 -2.898227870464324951e-01 9.453937411308288574e-01
6.418507695198059082e-01 -4.120610952377319336e-01 6.467095017433166504e-01
-9.523654580116271973e-01 -3.013946712017059326e-01 4.648943990468978882e-02
-9.451162219047546387e-01 9.912645816802978516e-02 3.113345503807067871e-01
9.549240469932556152e-01 -8.076835423707962036e-03 -2.967403531074523926e-01
-1.100251153111457825e-01 -1.008805558085441589e-01 -9.887959957122802734e-01
7.624290585517883301e-01 1.167239993810653687e-01 -6.364569067955017090e-01
-4.012093842029571533e-01 5.600902810692787170e-02 -9.142724275588989258e-01
-8.238242268562316895e-01 -1.695799268782138824e-02 -5.665916800498962402e-01
8.287181258201599121e-01 1.772570461034774780e-01 -5.308543443679809570e-01
-8.676841259002685547e-01 -2.320164740085601807e-01 4.396505355834960938e-01
-3.484961986541748047e-01 -1.738311201333999634e-01 9.210500121116638184e-01
-4.371276199817657471e-01 -4.113573208451271057e-02 -8.984583020210266113e-01
-6.042288541793823242e-01 -1.534200310707092285e-01 7.819012999534606934e-01
8.863883018493652344e-01 -3.263918459415435791e-01 3.283048868179321289e-01
8.519802689552307129e-01 3.162052333354949951e-01 -4.173056483268737793e-01
2.611213922500610352e-01 -1.779143959283828735e-01 -9.487687349319458008e-01
6.057661175727844238e-01 4.748616367578506470e-03 -7.956285476684570312e-01
5.098272562026977539e-01 1.409561485052108765e-01 -8.486504554748535156e-01
7.058266401290893555e-01 5.033132433891296387e-01 -4.984822273254394531e-01
-8.281768560409545898e-01 -5.598777532577514648e-01 2.569082751870155334e-02
8.735326528549194336e-01 4.419357776641845703e-01 2.040426135063171387e-01
7.262713909149169922e-01 -2.925279438495635986e-01 6.220588088035583496e-01
6.400104165077209473e-01 -3.177312016487121582e-01 6.995953321456909180e-01
-7.254773974418640137e-01 -5.208761692047119141e-01 -4.498561918735504150e-01
-3.787421882152557373e-01 -2.483838647603988647e-01 -8.915491104125976562e-01
4.347673431038856506e-02 -2.626649439334869385e-01 -9.639070630073547363e-01
3.255427479743957520e-01 -1.740989685058593750e-01 -9.293607473373413086e-01
-7.864593863487243652e-01 -5.216735005378723145e-01 -3.306635320186614990e-01
-9.709113836288452148e-01 -1.832551509141921997e-01 -1.541053056716918945e-01
4.113664031028747559e-01 -2.380377948284149170e-01 8.798384666442871094e-01
-8.538210988044738770e-01 -1.963192969560623169e-01 -4.821288585662841797e-01
4.285230934619903564e-01 -2.169395983219146729e-01 8.771004080772399902e-01
7.211905717849731445e-01 5.614929795265197754e-01 -4.057213366031646729e-01
6.864966750144958496e-01 -3.860303387045860291e-02 7.261074781417846680e-01
2.024665623903274536e-01 -1.122435033321380615e-01 -9.728354215621948242e-01
8.973132371902465820e-01 4.046142101287841797e-01 1.763982772827148438e-01
-8.419165611267089844e-01 -3.535648807883262634e-02 5.384481549263000488e-01
-2.581230998039245605e-01 -1.654947549104690552e-01 9.518318772315979004e-01
3.200140297412872314e-01 1.639125645160675049e-01 -9.331257939338684082e-01
5.880499482154846191e-01 1.123969778418540955e-01 -8.009770512580871582e-01
9.613337516784667969e-01 -1.958621889352798462e-01 -1.935858577489852905e-01
-5.225138068199157715e-01 -6.536117196083068848e-02 8.501219153404235840e-01
6.147648692131042480e-01 -5.696081519126892090e-01 5.455369949340820312e-01
6.958979368209838867e-01 -3.533884286880493164e-01 6.251740455627441406e-01
2.647026479244232178e-01 -2.710634469985961914e-01 -9.254497289657592773e-01
4.527246057987213135e-01 -3.479843437671661377e-01 -8.209428787231445312e-01
-8.825185894966125488e-01 -9.092007763683795929e-03 -4.701896309852600098e-01
9.181766510009765625e-01 -2.308464348316192627e-01 3.219653069972991943e-01
-1.090876385569572449e-01 -7.450045645236968994e-02 9.912363886833190918e-01
1.435605157166719437e-02 -2.211540937423706055e-02 -9.996523261070251465e-01
2.309861034154891968e-01 -9.738398343324661255e-02 -9.680711627006530762e-01
-6.379246115684509277e-01 1.229448989033699036e-02 7.700006961822509766e-01
-6.986391544342041016e-01 -5.104239657521247864e-02 -7.136511802673339844e-01
6.787459254264831543e-01 -3.840841054916381836e-01 -6.259258985519409180e-01
6.471444964408874512e-01 -6.485195755958557129e-01 -4.007820785045623779e-01
6.940810084342956543e-01 -1.753885596990585327e-01 6.982051134109497070e-01
3.543200492858886719e-01 -1.218329593539237976e-01 -9.271537065505981445e-01
8.660947084426879883e-01 -4.952745735645294189e-01 6.769838184118270874e-02
-5.773579478263854980e-01 2.917297184467315674e-02 8.159697651863098145e-01
3.085184395313262939e-01 -2.258003316819667816e-02 -9.509503245353698730e-01
6.076874732971191406e-01 -7.160060852766036987e-02 -7.909420132637023926e-01
3.592309951782226562e-01 2.372448146343231201e-02 -9.329470992088317871e-01
-4.014846980571746826e-01 2.652921900153160095e-02 -9.154813885688781738e-01
-9.985261559486389160e-01 -2.056559023912996054e-04 5.427225306630134583e-02
9.546477198600769043e-01 -2.104125171899795532e-01 -2.106519639492034912e-01
9.704461693763732910e-01 -1.798532009124755859e-01 1.608947813510894775e-01
-6.308684349060058594e-01 6.436348706483840942e-02 -7.732155919075012207e-01
-3.630139231681823730e-01 -9.922017343342304230e-03 9.317309260368347168e-01
9.372276067733764648e-01 -1.101232692599296570e-01 3.308734595775604248e-01
3.251672387123107910e-01 -7.446493953466415405e-02 9.427201151847839355e-01
3.537601232528686523e-02 8.803068101406097412e-02 -9.954894185066223145e-01
-8.936919569969177246e-01 4.898108541965484619e-02 4.459995627403259277e-01
-9.666007757186889648e-01 1.027482151985168457e-01 -2.347887307405471802e-01
7.373493313789367676e-01 -1.073310524225234985e-01 6.669303178787231445e-01
-6.956809759140014648e-01 4.386983346194028854e-03 7.183375358581542969e-01
5.749875307083129883e-01 3.313142806291580200e-02 -8.174911141395568848e-01
8.765431642532348633e-01 -6.851246953010559082e-02 -4.764221608638763428e-01
1.121032796800136566e-02 -2.970632724463939667e-02 9.994958043098449707e-01
1.966610252857208252e-01 4.238607734441757202e-02 -9.795549511909484863e-01
-9.920158982276916504e-01 9.249028563499450684e-02 8.573243021965026855e-02
-5.938057303428649902e-01 1.003074124455451965e-01 -7.983314990997314453e-01
-8.306511640548706055e-01 9.576638787984848022e-02 -5.484955906867980957e-01
9.921077489852905273e-01 -9.689644724130630493e-02 -7.958151400089263916e-02
5.717810392379760742e-01 9.038215503096580505e-03 -8.203564882278442383e-01
-7.681221365928649902e-01 1.177280675619840622e-02 6.401950716972351074e-01
4.968767464160919189e-01 -8.635278791189193726e-02 8.635141253471374512e-01
8.919604420661926270e-01 -9.004280716180801392e-02 4.430562853813171387e-01
-4.200602173805236816e-01 -2.233285689726471901e-03 9.074934720993041992e-01
-1.511658728122711182e-01 1.550029404461383820e-02 -9.883868694305419922e-01
-9.305163025856018066e-01 6.252581626176834106e-02 3.608738780021667480e-01
-5.154868364334106445e-01 8.184862881898880005e-02 -8.529796004295349121e-01
1.076855231076478958e-02 -5.294847115874290466e-02 9.985391497611999512e-01
7.766212821006774902e-01 -1.680561900138854980e-02 -6.297435164451599121e-01
