2.726939320564270020e-01 9.608287811279296875e-01 4.945855215191841125e-02
-2.231673598289489746e-01 9.547752737998962402e-01 -1.964698284864425659e-01
-7.703575491905212402e-02 9.722441434860229492e-01 2.209227383136749268e-01
4.303017258644104004e-01 8.389160633087158203e-01 3.332569599151611328e-01
-5.556616783142089844e-01 7.154905200004577637e-01 4.234541654586791992e-01
-4.116082489490509033e-01 6.943872570991516113e-01 5.902584195137023926e-01
1.209403350949287415e-01 6.831711530685424805e-01 7.201739549636840820e-01
3.885728120803833008e-02 9.991559982299804688e-01 -1.331631094217300415e-02
4.267121851444244385e-01 9.043867588043212891e-01 -1.143441302701830864e-03
-1.356708407402038574e-01 9.900252223014831543e-01 3.799419105052947998e-02
7.331335544586181641e-02 9.920938611030578613e-01 -1.018578708171844482e-01
-4.354217350482940674e-01 8.999723792076110840e-01 -2.139436081051826477e-02
-1.732622832059860229e-01 9.786585569381713867e-01 -1.104875281453132629e-01
-3.969556987285614014e-01 6.584579944610595703e-01 6.394211053848266602e-01
4.379620254039764404e-01 5.666328072547912598e-01 6.979373693466186523e-01
9.928680956363677979e-02 7.040527462959289551e-01 7.031727433204650879e-01
1.253651827573776245e-01 8.227478265762329102e-01 5.544092655181884766e-01
-1.672419458627700806e-01 5.011891126632690430e-01 8.490227460861206055e-01
1.353851556777954102e-01 5.056095123291015625e-01 8.520738482475280762e-01
1.538778096437454224e-01 8.787717819213867188e-01 -4.517541825771331787e-01
4.597622752189636230e-01 8.627820014953613281e-01 -2.102993130683898926e-01
7.302799224853515625e-01 5.317809581756591797e-01 4.288358986377716064e-01
-1.801542639732360840e-01 8.785906434059143066e-01 -4.422928392887115479e-01
-4.625103175640106201e-01 8.400834798812866211e-01 -2.834500968456268311e-01
-7.935183048248291016e-01 5.534652471542358398e-01 2.529918551445007324e-01
-7.122259140014648438e-01 5.951126217842102051e-01 3.722569644451141357e-01
7.454865574836730957e-01 6.431806683540344238e-01 1.748384982347488403e-01
-5.778121948242187500e-01 3.651788830757141113e-01 7.299159765243530273e-01
-2.488248497247695923e-01 3.327860534191131592e-01 9.095821976661682129e-01
-5.451455712318420410e-02 3.499690294265747070e-01 9.351736903190612793e-01
-7.384882569313049316e-01 6.627550125122070312e-01 -1.240594089031219482e-01
7.140733003616333008e-01 1.871239691972732544e-01 6.745991706848144531e-01
-1.147643290460109711e-02 7.320927977561950684e-01 -6.811082363128662109e-01
3.528928160667419434e-01 6.087167859077453613e-01 -7.105846405029296875e-01
-4.489306509494781494e-01 7.635290622711181641e-01 -4.642032384872436523e-01
-1.372941285371780396e-01 8.323857188224792480e-01 -5.369211435317993164e-01
6.293321251869201660e-01 6.142315268516540527e-01 -4.760889410972595215e-01
7.385045886039733887e-01 6.561073660850524902e-01 -1.553516387939453125e-01
-7.004184126853942871e-01 5.004245638847351074e-01 5.089098811149597168e-01
-5.530297160148620605e-01 3.072447776794433594e-01 7.744408845901489258e-01
3.906074166297912598e-01 2.478238493204116821e-01 8.865716457366943359e-01
-8.568322658538818359e-01 5.057332515716552734e-01 -1.003611907362937927e-01
9.321885108947753906e-01 3.379406034946441650e-01 -1.296948939561843872e-01
-8.712766766548156738e-01 3.020128607749938965e-01 3.868658244609832764e-01
-6.778963804244995117e-01 1.333277523517608643e-01 7.229662537574768066e-01
-7.239642739295959473e-01 5.328256487846374512e-01 -4.381467401981353760e-01
7.749376893043518066e-01 4.171260297298431396e-01 -4.748447239398956299e-01
-9.340980052947998047e-01 1.109302714467048645e-01 -3.393455445766448975e-01
9.261127114295959473e-01 2.194671481847763062e-01 3.068378269672393799e-01
7.382447123527526855e-01 -9.627601504325866699e-02 6.676268577575683594e-01
-4.077835679054260254e-01 7.687607407569885254e-02 9.098365902900695801e-01
-9.355261921882629395e-02 5.723630189895629883e-01 -8.146462440490722656e-01
1.020165011286735535e-01 3.622476160526275635e-01 -9.264822006225585938e-01
-2.853019535541534424e-01 6.627168059349060059e-01 -6.923939585685729980e-01
5.181859731674194336e-01 4.316068589687347412e-01 -7.383758425712585449e-01
-6.680842638015747070e-01 4.940757751464843750e-01 -5.563744902610778809e-01
-5.669562220573425293e-01 6.232089400291442871e-01 5.386754274368286133e-01
5.132847428321838379e-01 1.303967535495758057e-01 8.482543826103210449e-01
-6.610270142555236816e-01 2.516359984874725342e-01 7.069106101989746094e-01
2.957178950309753418e-01 2.327155470848083496e-01 9.264958500862121582e-01
-7.391025424003601074e-01 -4.599788486957550049e-01 4.920841753482818604e-01
-4.273032844066619873e-01 3.528539240360260010e-01 -8.324097990989685059e-01
8.796741366386413574e-01 -1.497017443180084229e-01 4.514010250568389893e-01
5.035585761070251465e-01 -3.094331622123718262e-01 8.066472411155700684e-01
2.480310946702957153e-01 1.717179417610168457e-01 -9.534115791320800781e-01
-8.570407032966613770e-01 5.108796060085296631e-02 -5.127097964286804199e-01
7.990095019340515137e-01 2.394869327545166016e-01 -5.515704154968261719e-01
-9.404383897781372070e-01 3.252499997615814209e-01 9.893462806940078735e-02
-6.563488245010375977e-01 -2.290243655443191528e-01 7.188560962677001953e-01
-5.619114637374877930e-01 1.004175562411546707e-02 -8.271363973617553711e-01
-8.068252801895141602e-01 1.095364019274711609e-01 -5.805469155311584473e-01
-7.383201718330383301e-01 3.827777504920959473e-01 -5.553057789802551270e-01
8.970020413398742676e-01 -5.009357258677482605e-02 -4.391787648200988770e-01
-8.451171517372131348e-01 2.681150138378143311e-01 4.624837934970855713e-01
2.727384269237518311e-01 -5.994780659675598145e-01 7.524890303611755371e-01
-1.123039349913597107e-01 8.165027201175689697e-02 -9.903136491775512695e-01
6.668034195899963379e-01 2.351472526788711548e-01 -7.071626782417297363e-01
-7.724844217300415039e-01 6.018502116203308105e-01 -2.025933563709259033e-01
7.169696688652038574e-01 -4.815604984760284424e-01 5.040376186370849609e-01
-1.820425987243652344e-01 -7.674866318702697754e-01 6.146745085716247559e-01
2.860950827598571777e-01 -5.933611392974853516e-01 7.523776888847351074e-01
-5.417244434356689453e-01 -1.565645635128021240e-01 -8.258463144302368164e-01
-3.039292991161346436e-01 -2.888582050800323486e-01 -9.078479409217834473e-01
-8.846156299114227295e-02 2.855413258075714111e-01 -9.542749524116516113e-01
-5.409567356109619141e-01 5.764376521110534668e-01 -6.124422550201416016e-01
9.901178479194641113e-01 -1.388157904148101807e-01 1.991864852607250214e-02
-5.694592595100402832e-01 2.100535333156585693e-01 7.947286367416381836e-01
-2.088489383459091187e-01 -4.665508568286895752e-01 8.594838380813598633e-01
-1.810492016375064850e-02 -4.726779460906982422e-01 8.810492157936096191e-01
1.392979472875595093e-01 9.853188395500183105e-01 9.870621562004089355e-02
6.982553005218505859e-02 8.018884062767028809e-01 5.933795571327209473e-01
7.507144808769226074e-01 -7.324753701686859131e-02 -6.565536260604858398e-01
-3.923599421977996826e-01 7.595428824424743652e-01 -5.187949538230895996e-01
-4.032132327556610107e-01 7.506802678108215332e-01 -5.233528017997741699e-01
-7.544897198677062988e-01 1.863898336887359619e-01 6.292886137962341309e-01
-3.450809419155120850e-01 -1.482405960559844971e-01 9.267922639846801758e-01
2.181640416383743286e-01 -6.661694645881652832e-01 7.131779789924621582e-01
3.593568205833435059e-01 9.331577420234680176e-01 8.903204463422298431e-03
-4.953995347023010254e-02 9.701434373855590820e-01 -2.374183833599090576e-01
5.465127229690551758e-01 6.430963277816772461e-01 5.364241600036621094e-01
9.031979441642761230e-01 3.460144996643066406e-01 2.539831995964050293e-01
-5.777724981307983398e-01 8.161079883575439453e-01 1.210966147482395172e-02
3.586525917053222656e-01 -3.329077959060668945e-01 -8.720899224281311035e-01
-5.246399044990539551e-01 7.380634546279907227e-01 4.242821931838989258e-01
4.897754788398742676e-01 7.589442133903503418e-01 4.290964007377624512e-01
1.211856305599212646e-01 7.678369879722595215e-01 6.290791034698486328e-01
-2.857937812805175781e-01 9.340045452117919922e-01 -2.143770307302474976e-01
-2.375066839158535004e-02 8.587848544120788574e-01 5.117855668067932129e-01
-4.795899987220764160e-01 8.250098824501037598e-01 2.989181876182556152e-01
8.581210374832153320e-01 -3.900604248046875000e-01 -3.338879346847534180e-01
9.854687750339508057e-02 8.208639621734619141e-01 5.625573396682739258e-01
-7.252054214477539062e-01 5.403410196304321289e-01 4.267420172691345215e-01
-4.706261157989501953e-01 -2.289658598601818085e-02 8.820356130599975586e-01
9.280734509229660034e-02 7.846845984458923340e-01 -6.129084825515747070e-01
-4.265041649341583252e-01 8.329295516014099121e-01 -3.525939583778381348e-01
7.087613344192504883e-01 7.388538867235183716e-02 7.015685439109802246e-01
-2.454465627670288086e-02 -4.900840222835540771e-01 -8.713296055793762207e-01
-4.578123986721038818e-01 7.824401259422302246e-01 4.221318662166595459e-01
8.442917466163635254e-01 4.306792616844177246e-01 3.188838660717010498e-01
1.504848003387451172e-01 -2.039269357919692993e-02 -9.884019494056701660e-01
-1.108081080019474030e-03 -5.583524107933044434e-01 -8.296030759811401367e-01
8.405370265245437622e-02 9.962024688720703125e-01 -2.270730584859848022e-02
-3.688299953937530518e-01 5.516365766525268555e-01 7.481052875518798828e-01
-4.668918251991271973e-01 6.174825429916381836e-01 6.330301761627197266e-01
-2.000375390052795410e-01 7.801683545112609863e-01 5.927245020866394043e-01
-8.552347421646118164e-01 1.383877843618392944e-01 4.994219541549682617e-01
-6.690566539764404297e-01 6.527877449989318848e-01 -3.552905023097991943e-01
-7.311905026435852051e-01 6.769502758979797363e-01 8.425488322973251343e-02
-1.877924352884292603e-01 -7.203418612480163574e-01 -6.677137613296508789e-01
-3.601076900959014893e-01 -7.620628476142883301e-01 -5.381288528442382812e-01
-7.795233130455017090e-01 4.706645384430885315e-02 6.246023774147033691e-01
-3.283842206001281738e-01 3.654053807258605957e-01 8.710009455680847168e-01
-6.185624003410339355e-01 8.342552930116653442e-02 7.812942862510681152e-01
-9.284216165542602539e-02 -7.151364684104919434e-01 6.927914619445800781e-01
-2.900280617177486420e-02 -7.545264959335327148e-01 6.556283831596374512e-01
3.003037571907043457e-01 3.911876380443572998e-01 -8.699367046356201172e-01
7.029130458831787109e-01 5.028601288795471191e-01 -5.030357241630554199e-01
-9.062722325325012207e-01 3.953262865543365479e-01 -1.496254205703735352e-01
-8.061676025390625000e-01 4.466603100299835205e-01 3.880571126937866211e-01
3.100430965423583984e-01 8.432118296623229980e-01 -4.391663670539855957e-01
-9.964252263307571411e-02 5.974487066268920898e-01 -7.956924438476562500e-01
3.614517152309417725e-01 -5.030992031097412109e-01 -7.850120067596435547e-01
7.328633069992065430e-01 -3.602971136569976807e-01 -5.771459341049194336e-01
-3.260388672351837158e-01 -9.443641901016235352e-01 -4.330018162727355957e-02
-4.494166672229766846e-01 -8.933221697807312012e-01 -2.618486469145864248e-04
4.175630211830139160e-01 -8.158841729164123535e-01 -3.999677598476409912e-01
-5.021233558654785156e-01 -8.016345500946044922e-01 -3.244288861751556396e-01
-6.173485517501831055e-01 2.035288661718368530e-01 7.599058151245117188e-01
2.034641057252883911e-01 -7.586511969566345215e-01 -6.189109086990356445e-01
7.734348773956298828e-01 -6.216471791267395020e-01 1.239082440733909607e-01
-2.251450270414352417e-01 -6.596931815147399902e-01 -7.170178890228271484e-01
-6.460159420967102051e-01 -3.359248340129852295e-01 6.854326725006103516e-01
-7.538526058197021484e-01 -4.466396570205688477e-01 4.818913638591766357e-01
3.784187436103820801e-01 -6.902787089347839355e-01 6.166964173316955566e-01
9.388642013072967529e-02 -9.143550395965576172e-01 3.938784003257751465e-01
1.356785148382186890e-01 -9.528847932815551758e-01 2.712966203689575195e-01
-6.430100798606872559e-01 5.237169265747070312e-01 -5.588011145591735840e-01
9.173781871795654297e-01 1.332421153783798218e-01 3.750517964363098145e-01
8.473140746355056763e-02 -9.527485370635986328e-01 -2.917033135890960693e-01
7.632299065589904785e-01 -2.809602916240692139e-01 -5.818431377410888672e-01
5.606836676597595215e-01 -5.875914692878723145e-01 -5.834124088287353516e-01
8.480257987976074219e-01 -4.830300509929656982e-01 -2.180231809616088867e-01
6.936272978782653809e-01 -5.801008343696594238e-01 -4.270412921905517578e-01
-2.765414714813232422e-01 -8.197613954544067383e-01 -5.015137791633605957e-01
5.617348551750183105e-01 -7.380302548408508301e-01 -3.738519251346588135e-01
3.132667019963264465e-02 -9.004998803138732910e-01 -4.337264001369476318e-01
2.013421207666397095e-01 -8.926531076431274414e-01 -4.032764732837677002e-01
-1.555797159671783447e-01 -8.298190236091613770e-01 -5.359061956405639648e-01
-2.599068284034729004e-01 -9.552991390228271484e-01 1.408973634243011475e-01
3.390197455883026123e-01 -9.310951828956604004e-01 -1.346383094787597656e-01
-2.083775103092193604e-01 -9.571688771247863770e-01 -2.010135054588317871e-01
2.597902715206146240e-01 -9.330096840858459473e-01 2.490020245313644409e-01
-2.654748558998107910e-01 -8.136917948722839355e-01 -5.171352028846740723e-01
-1.458784043788909912e-01 3.290034830570220947e-01 -9.329931139945983887e-01
-3.664394021034240723e-01 6.490164399147033691e-01 -6.667082309722900391e-01
-7.474782466888427734e-01 2.607421278953552246e-01 -6.109743714332580566e-01
-9.269896745681762695e-01 2.508791983127593994e-01 -2.788365483283996582e-01
8.111623525619506836e-01 -1.714887283742427826e-02 5.845695734024047852e-01
-9.404654502868652344e-01 3.249124288558959961e-01 -9.978300333023071289e-02
-9.042378067970275879e-01 8.673039078712463379e-02 4.181290268898010254e-01
3.920181691646575928e-01 -1.415642499923706055e-01 -9.090001583099365234e-01
-7.399516701698303223e-01 -8.581751585006713867e-02 6.671632528305053711e-01
-6.780146956443786621e-01 -3.066771328449249268e-01 6.680157780647277832e-01
7.032434940338134766e-01 -6.982264518737792969e-01 1.338968724012374878e-01
-3.565849065780639648e-01 6.981760263442993164e-02 9.316505193710327148e-01
-1.594194918870925903e-01 1.019604057073593140e-01 9.819315671920776367e-01
3.575660884380340576e-01 -9.332723021507263184e-01 -3.390144929289817810e-02
-2.762664556503295898e-01 -9.267180562019348145e-01 -2.546966969966888428e-01
3.645925819873809814e-01 -9.275475740432739258e-01 -8.202368766069412231e-02
1.890860199928283691e-01 -9.511198401451110840e-01 2.441669553518295288e-01
7.307437807321548462e-02 -4.954575896263122559e-01 8.655529618263244629e-01
3.262361288070678711e-01 -9.098860025405883789e-01 2.562760710716247559e-01
6.180488318204879761e-02 -9.864971637725830078e-01 -1.516690403223037720e-01
3.710395991802215576e-01 -9.112460613250732422e-01 1.787742525339126587e-01
-4.246564209461212158e-02 -5.701531171798706055e-01 8.204402327537536621e-01
1.275429427623748779e-01 -9.790849089622497559e-01 -1.585104167461395264e-01
1.547357738018035889e-01 -9.327503442764282227e-01 -3.256280124187469482e-01
1.589417606592178345e-01 -9.227511882781982422e-01 -3.510950505733489990e-01
6.045326963067054749e-02 -8.995890021324157715e-01 -4.325333535671234131e-01
1.529285907745361328e-01 -9.523235559463500977e-01 -2.639937400817871094e-01
1.031083613634109497e-01 2.294091135263442993e-01 -9.678533673286437988e-01
7.625334262847900391e-01 2.569062113761901855e-01 -5.937524437904357910e-01
-5.134272575378417969e-01 2.336896061897277832e-01 -8.257007002830505371e-01
5.064979195594787598e-01 1.508744210004806519e-01 -8.489385843276977539e-01
-8.135364055633544922e-01 -3.139503300189971924e-02 5.806658864021301270e-01
-6.098272204399108887e-01 -4.708557426929473877e-01 6.374995708465576172e-01
-1.554545909166336060e-01 -2.410983443260192871e-01 9.579694867134094238e-01
7.932605147361755371e-01 5.926292538642883301e-01 1.397439986467361450e-01
3.522621393203735352e-01 6.869016289710998535e-01 -6.356709599494934082e-01
3.739318847656250000e-01 4.035983085632324219e-01 -8.350349068641662598e-01
5.239679217338562012e-01 -1.873283833265304565e-01 -8.308824896812438965e-01
-1.433319747447967529e-01 -2.822089791297912598e-01 9.485852718353271484e-01
7.156276106834411621e-01 6.238125562667846680e-01 -3.142213225364685059e-01
-6.572027206420898438e-01 -4.922783672809600830e-01 5.707420706748962402e-01
8.323038816452026367e-01 -4.639287292957305908e-01 3.033815622329711914e-01
3.296983428299427032e-03 -3.786276876926422119e-01 9.255431890487670898e-01
3.811696469783782959e-01 -4.126943647861480713e-01 8.272805809974670410e-01
1.659542173147201538e-01 -2.282239943742752075e-01 9.593607783317565918e-01
7.673707008361816406e-01 3.737876117229461670e-01 -5.209845900535583496e-01
-9.260846376419067383e-01 1.578925102949142456e-01 -3.426912128925323486e-01
8.343561887741088867e-01 5.201652050018310547e-01 1.824219524860382080e-01
-9.671742320060729980e-01 1.708949357271194458e-01 1.880659461021423340e-01
-8.363574743270874023e-01 1.187212318181991577e-01 5.351741909980773926e-01
8.885411024093627930e-01 -3.752510547637939453e-01 -2.639721632003784180e-01
-4.538351893424987793e-01 -3.333106637001037598e-01 8.264003992080688477e-01
-1.911847293376922607e-01 -2.559041678905487061e-01 9.476082921028137207e-01
3.553779125213623047e-01 3.422056436538696289e-01 -8.698286414146423340e-01
-6.106073856353759766e-01 5.644096806645393372e-02 -7.899196147918701172e-01
8.829581141471862793e-01 -1.016275137662887573e-01 -4.583195447921752930e-01
-5.564453005790710449e-01 -3.263390958309173584e-01 7.641148567199707031e-01
-8.313806056976318359e-01 -3.323365375399589539e-02 -5.547087788581848145e-01
-9.259263277053833008e-01 -3.724073171615600586e-01 6.303321570158004761e-02
-1.360684633255004883e-01 1.470465511083602905e-01 -9.797258377075195312e-01
8.679118752479553223e-01 4.475063383579254150e-01 -2.155622392892837524e-01
-6.393409371376037598e-01 -3.953003883361816406e-02 -7.679066061973571777e-01
8.316314816474914551e-01 5.225121974945068359e-01 -1.880691498517990112e-01
7.055122256278991699e-01 4.869117736816406250e-01 -5.149461627006530762e-01
-7.720617055892944336e-01 8.935832977294921875e-02 6.292342543601989746e-01
-4.455700516700744629e-01 -3.279814720153808594e-01 8.330038785934448242e-01
8.970138430595397949e-01 -3.604985177516937256e-01 2.557477653026580811e-01
-4.277714788913726807e-01 -2.671696990728378296e-02 -9.034919738769531250e-01
8.405655622482299805e-01 4.506714344024658203e-01 -3.005741238594055176e-01
-9.016909599304199219e-01 1.423579640686511993e-02 4.321466088294982910e-01
9.199112057685852051e-01 -3.620573282241821289e-01 1.505913436412811279e-01
6.870248913764953613e-01 -4.167283177375793457e-01 5.952598452568054199e-01
1.325265616178512573e-01 -3.304058313369750977e-02 -9.906286001205444336e-01
-6.674788594245910645e-01 -2.650341391563415527e-01 6.958655118942260742e-01
-2.473019808530807495e-01 -1.416129469871520996e-01 9.585340619087219238e-01
6.567307710647583008e-01 8.398188650608062744e-02 -7.494342923164367676e-01
-7.516363263130187988e-01 -4.365396499633789062e-01 -4.944451451301574707e-01
-8.764506578445434570e-01 -4.187022447586059570e-01 -2.377451658248901367e-01
9.832697510719299316e-01 2.168222889304161072e-02 1.808605492115020752e-01
-5.860294103622436523e-01 -5.965695381164550781e-01 5.483378171920776367e-01
-2.798303216695785522e-02 -2.028982192277908325e-01 9.787999391555786133e-01
-2.428681552410125732e-01 -2.096814960241317749e-01 -9.471265673637390137e-01
7.882711291313171387e-01 4.523632228374481201e-01 -4.171285033226013184e-01
-7.834206819534301758e-01 -5.853214859962463379e-01 2.089276909828186035e-01
-7.563152909278869629e-01 -2.343159765005111694e-01 6.108053326606750488e-01
8.432310223579406738e-01 -1.812320649623870850e-01 5.060795545578002930e-01
-5.428050756454467773e-01 -3.125462830066680908e-01 -7.795367240905761719e-01
9.122530221939086914e-01 -2.421468049287796021e-01 3.303928673267364502e-01
3.147422373294830322e-01 -2.461448311805725098e-01 -9.167060852050781250e-01
-5.323100090026855469e-02 -2.719360291957855225e-01 -9.608419537544250488e-01
-7.148869037628173828e-01 -6.878787279129028320e-01 -1.255372762680053711e-01
-7.177870273590087891e-01 -6.962032914161682129e-01 -9.094185195863246918e-03
-6.318620443344116211e-01 -8.280551433563232422e-02 7.706449627876281738e-01
-4.363069832324981689e-01 -1.084234938025474548e-01 8.932415843009948730e-01
5.858225226402282715e-01 -1.526059210300445557e-01 7.959418296813964844e-01
-5.378249883651733398e-01 -2.962011098861694336e-01 -7.893093228340148926e-01
-7.227361202239990234e-01 -5.477738976478576660e-01 -4.214216172695159912e-01
6.685127019882202148e-01 6.949069499969482422e-01 -2.649436295032501221e-01
5.152321457862854004e-01 6.413353234529495239e-02 -8.546476960182189941e-01
5.509198307991027832e-01 4.768760502338409424e-01 -6.848915815353393555e-01
-8.806311488151550293e-01 -4.474095404148101807e-01 -1.559279710054397583e-01
-8.114795684814453125e-01 -5.063714385032653809e-01 2.916999757289886475e-01
7.045471668243408203e-01 -8.767671138048171997e-02 7.042202353477478027e-01
9.304258227348327637e-01 -1.490057408809661865e-01 3.348208665847778320e-01
-7.559615373611450195e-02 -1.666973531246185303e-01 -9.831058979034423828e-01
6.251447796821594238e-01 5.086005926132202148e-01 -5.920469164848327637e-01
7.792517542839050293e-01 5.554315447807312012e-01 2.902800738811492920e-01
-6.721503734588623047e-01 -1.176118850708007812e-02 7.403212189674377441e-01
6.814114749431610107e-02 -7.780575007200241089e-02 9.946371316909790039e-01
-9.493353962898254395e-01 -3.007960915565490723e-01 9.101699292659759521e-02
8.992382287979125977e-01 1.045154184103012085e-01 4.247906506061553955e-01
4.417116641998291016e-01 3.346558287739753723e-02 8.965327143669128418e-01
-8.756338357925415039e-01 -3.350174427032470703e-01 -3.478918373584747314e-01
3.314993679523468018e-01 3.795326128602027893e-02 -9.426917433738708496e-01
-2.837856113910675049e-01 4.358495399355888367e-02 9.578967094421386719e-01
-4.499697685241699219e-01 -2.539263069629669189e-01 -8.561825752258300781e-01
7.183930277824401855e-01 -1.540102362632751465e-01 6.783747673034667969e-01
1.539360880851745605e-01 -2.069076150655746460e-01 -9.661743640899658203e-01
1.023188605904579163e-01 -2.452621608972549438e-01 -9.640421867370605469e-01
9.043473005294799805e-01 -1.314613036811351776e-02 -4.265947043895721436e-01
-9.266473650932312012e-01 -2.275463938713073730e-01 -2.992445528507232666e-01
8.181901574134826660e-01 -5.693526864051818848e-01 -8.001567423343658447e-02
8.565647006034851074e-01 -3.003737926483154297e-01 4.196100533008575439e-01
-6.188096404075622559e-01 -3.641787171363830566e-01 -6.960232853889465332e-01
2.550003826618194580e-01 -4.276148080825805664e-01 -8.672487139701843262e-01
9.582753181457519531e-01 -1.491926759481430054e-01 2.438235580921173096e-01
7.219201326370239258e-01 -1.366041833534836769e-04 6.919764280319213867e-01
2.813772857189178467e-01 5.092327669262886047e-02 9.582450985908508301e-01
2.234591245651245117e-01 -2.116816490888595581e-01 -9.514498710632324219e-01
4.641301631927490234e-01 -3.878200352191925049e-01 -7.963534593582153320e-01
1.586704999208450317e-01 -1.897901147603988647e-01 -9.689186811447143555e-01
-2.214324921369552612e-01 7.257436215877532959e-02 9.724714159965515137e-01
4.849531054496765137e-01 -6.686095595359802246e-01 -5.637213587760925293e-01
6.764208674430847168e-01 -4.872116744518280029e-01 5.523401498794555664e-01
9.758430123329162598e-01 -2.453178353607654572e-02 2.170915454626083374e-01
-1.418491750955581665e-01 -1.758274137973785400e-01 -9.741476178169250488e-01
-7.672411799430847168e-01 -2.820355594158172607e-01 -5.760181546211242676e-01
6.760891675949096680e-01 -6.730883121490478516e-01 -2.997590899467468262e-01
-8.225927352905273438e-01 -1.983476132154464722e-01 -5.329159498214721680e-01
9.057711958885192871e-01 -4.237297475337982178e-01 5.625586956739425659e-03
-9.194136261940002441e-01 -9.341982752084732056e-02 3.820356130599975586e-01
9.503690004348754883e-01 -5.533299967646598816e-02 3.061648905277252197e-01
7.394179701805114746e-01 -3.868913948535919189e-01 -5.509772896766662598e-01
4.880366027355194092e-01 -5.700065195560455322e-02 -8.709599375724792480e-01
5.453219413757324219e-01 -2.105749249458312988e-01 -8.113459348678588867e-01
-8.966562151908874512e-01 -3.003595396876335144e-02 4.417074024677276611e-01
-6.064108014106750488e-01 -2.335381507873535156e-01 -7.600827813148498535e-01
8.942975401878356934e-01 -1.613653153181076050e-01 -4.173645079135894775e-01
-9.947423934936523438e-01 -7.791240513324737549e-02 6.646263599395751953e-02
7.177603840827941895e-01 7.905668020248413086e-02 6.917876005172729492e-01
-5.899519324302673340e-01 5.503722652792930603e-02 8.055604100227355957e-01
9.405483603477478027e-01 4.830781370401382446e-02 3.362069129943847656e-01
5.643717572093009949e-02 -1.651290357112884521e-01 -9.846558570861816406e-01
-9.858233332633972168e-01 -1.435672491788864136e-01 -8.683787286281585693e-02
-7.807960510253906250e-01 6.120204925537109375e-02 6.217811107635498047e-01
9.534869790077209473e-01 -4.068000242114067078e-02 -2.986767590045928955e-01
4.808694720268249512e-01 1.072471961379051208e-01 8.702083230018615723e-01
2.094928026199340820e-01 9.210116416215896606e-02 9.734628796577453613e-01
6.708455085754394531e-02 -1.685601621866226196e-01 -9.834058880805969238e-01
-7.230037450790405273e-01 -1.604386419057846069e-01 -6.719561815261840820e-01
6.283352971076965332e-01 -3.570258989930152893e-02 -7.771229147911071777e-01
-7.048303484916687012e-01 3.013368323445320129e-02 7.087355256080627441e-01
5.288559198379516602e-01 -4.475237801671028137e-02 -8.475309014320373535e-01
-9.713177680969238281e-01 -1.169511154294013977e-01 2.070367783308029175e-01
9.992027282714843750e-01 2.519273944199085236e-02 -3.097134269773960114e-02
-5.338701009750366211e-01 -1.208089366555213928e-01 -8.368918299674987793e-01
-3.155336529016494751e-02 -9.924223273992538452e-02 -9.945629239082336426e-01
-9.809613823890686035e-01 -1.131191477179527283e-01 -1.578565835952758789e-01
9.701007008552551270e-01 -4.121889546513557434e-02 -2.391771972179412842e-01
-3.510210216045379639e-01 5.748218670487403870e-02 9.346014857292175293e-01
4.810588359832763672e-01 4.917191341519355774e-03 -8.766745924949645996e-01
-7.655764818191528320e-01 -1.368612200021743774e-01 -6.286188364028930664e-01
9.588400125503540039e-01 8.124980330467224121e-02 2.720739841461181641e-01
6.352949738502502441e-01 9.009294211864471436e-02 7.669964432716369629e-01
-7.456916570663452148e-02 -7.701090723276138306e-02 -9.942377805709838867e-01
1.059990823268890381e-01 7.115320116281509399e-02 9.918172955513000488e-01
6.520909667015075684e-01 9.605236351490020752e-03 -7.580798864364624023e-01
-9.824267625808715820e-01 -3.894580900669097900e-02 1.825400888919830322e-01
-6.639421582221984863e-01 -1.357276290655136108e-01 -7.353630661964416504e-01
4.277929067611694336e-01 2.591759711503982544e-02 -9.035051465034484863e-01
6.313830018043518066e-01 3.585978597402572632e-02 -7.746415734291076660e-01
9.612902402877807617e-01 1.617061160504817963e-02 -2.750629186630249023e-01
-9.813441634178161621e-01 -9.431682527065277100e-02 -1.675352156162261963e-01
-7.786881923675537109e-01 -1.224025636911392212e-01 -6.153554320335388184e-01
-7.816177010536193848e-01 -7.044241297990083694e-03 6.237179636955261230e-01
9.960109591484069824e-01 5.156357213854789734e-02 -7.282443344593048096e-02
9.120475053787231445e-01 5.069005861878395081e-02 4.069395661354064941e-01
9.997596591711044312e-02 4.198036715388298035e-02 9.941038489341735840e-01
9.891698360443115234e-01 7.284673303365707397e-02 -1.274215728044509888e-01
-3.947419226169586182e-01 2.224967814981937408e-03 9.187893271446228027e-01
-9.955515861511230469e-01 -9.325692802667617798e-02 -1.342720631510019302e-02
9.890776872634887695e-01 7.380650192499160767e-02 1.275850981473922729e-01
-9.818081259727478027e-01 -5.973571166396141052e-02 1.802345663309097290e-01
-4.501373320817947388e-02 -2.850048802793025970e-02 -9.985798001289367676e-01
3.922999203205108643e-01 4.141789302229881287e-02 -9.189044237136840820e-01
9.801480770111083984e-01 5.738307163119316101e-02 -1.897813677787780762e-01
7.451703548431396484e-01 9.081552177667617798e-02 -6.606616377830505371e-01
3.082376718521118164e-01 3.000174462795257568e-02 9.508362412452697754e-01
9.966513514518737793e-01 7.888186722993850708e-02 -2.153629064559936523e-02
6.997461318969726562e-01 6.144750863313674927e-02 7.117440700531005859e-01
-7.468019127845764160e-01 -9.848351776599884033e-02 -6.577141284942626953e-01
-7.914201617240905762e-01 -4.708044603466987610e-02 6.094567775726318359e-01
-5.536479949951171875e-01 -5.096929520368576050e-02 8.311895132064819336e-01
-9.609876275062561035e-01 -8.151211589574813843e-02 -2.643076777458190918e-01
2.561424970626831055e-01 3.258959949016571045e-02 -9.660894870758056641e-01
8.154340982437133789e-01 8.517880737781524658e-02 -5.725485682487487793e-01
9.157455563545227051e-01 -2.925462275743484497e-02 4.006921947002410889e-01
-1.933425366878509521e-01 -2.246041595935821533e-02 9.808742403984069824e-01
-9.959456324577331543e-01 -6.621654331684112549e-02 6.089012324810028076e-02
-4.745198786258697510e-01 -4.013559222221374512e-02 -8.793292641639709473e-01
-7.076135277748107910e-01 -7.414793968200683594e-02 -7.026984691619873047e-01
7.890383601188659668e-01 9.999465197324752808e-02 -6.061513423919677734e-01
-9.562129974365234375e-01 -7.111013680696487427e-02 2.839012145996093750e-01
-8.171591162681579590e-01 -5.659744888544082642e-02 -5.736268162727355957e-01
9.992859959602355957e-01 2.954363450407981873e-02 -2.355341799557209015e-02
9.860579371452331543e-01 7.927260547876358032e-02 -1.463067829608917236e-01
-8.087936043739318848e-01 -7.776547223329544067e-02 5.829282999038696289e-01
-1.978413313627243042e-01 4.294626414775848389e-02 -9.792928099632263184e-01
-6.664480566978454590e-01 -3.382457792758941650e-02 -7.447837591171264648e-01
9.966235160827636719e-01 5.541962385177612305e-02 6.058241426944732666e-02
9.263873100280761719e-01 4.672624170780181885e-02 3.736618757247924805e-01
-9.971575140953063965e-01 -6.797812879085540771e-02 -3.249318152666091919e-02
-4.039967954158782959e-01 -3.322415053844451904e-02 9.141567945480346680e-01
-9.073796272277832031e-01 -6.136483699083328247e-02 -4.158083498477935791e-01
9.918301105499267578e-01 3.814037144184112549e-02 -1.217311769723892212e-01
9.846962094306945801e-01 1.161072179675102234e-01 -1.299709975719451904e-01
9.949086308479309082e-01 6.582199782133102417e-02 -7.631652802228927612e-02
-4.874475300312042236e-02 -6.988573074340820312e-02 9.963633418083190918e-01
-6.908031105995178223e-01 -1.290578208863735199e-02 -7.229277491569519043e-01
-8.374948501586914062e-01 -4.454159736633300781e-02 -5.446267724037170410e-01
4.035188853740692139e-01 -6.783598661422729492e-02 9.124531745910644531e-01
4.125495553016662598e-01 1.595989316701889038e-01 -8.968451023101806641e-01
-6.062600612640380859e-01 -2.514239586889743805e-02 -7.948688864707946777e-01
9.569463133811950684e-01 7.700320333242416382e-02 -2.798647582530975342e-01
-9.695222377777099609e-01 -7.561660557985305786e-02 2.330421507358551025e-01
-1.435836553573608398e-01 -1.418450027704238892e-01 9.794201254844665527e-01
