-9.662744402885437012e-02 9.666199088096618652e-01 2.372952103614807129e-01
-3.119440376758575439e-01 8.730952739715576172e-01 3.746939301490783691e-01
2.232262939214706421e-01 9.701793193817138672e-01 9.445658326148986816e-02
-2.095556706190109253e-01 9.773162007331848145e-01 3.065239079296588898e-02
6.152544543147087097e-02 9.814971685409545898e-01 1.813225895166397095e-01
-1.592947542667388916e-01 9.864873886108398438e-01 3.831192106008529663e-02
-2.628247737884521484e-01 9.148938655853271484e-01 3.064183592796325684e-01
1.380328685045242310e-01 9.301716089248657227e-01 3.401878476142883301e-01
3.282102942466735840e-02 9.299659729003906250e-01 3.661776483058929443e-01
1.615004986524581909e-01 7.372270822525024414e-01 6.560593843460083008e-01
-1.070395708084106445e-01 8.718684911727905273e-01 4.778995215892791748e-01
-8.837985992431640625e-02 6.650325655937194824e-01 7.415664196014404297e-01
4.185095429420471191e-02 9.408223032951354980e-01 -3.363063931465148926e-01
5.298550724983215332e-01 8.479906320571899414e-01 1.286890078336000443e-02
-1.405473500490188599e-01 9.582526087760925293e-01 -2.489947676658630371e-01
5.476295948028564453e-01 8.038268089294433594e-01 2.323020845651626587e-01
-1.356092840433120728e-01 9.907550811767578125e-01 3.814159892499446869e-03
-2.694762945175170898e-01 9.468382000923156738e-01 1.757271438837051392e-01
6.603321433067321777e-01 6.023503541946411133e-01 4.484812617301940918e-01
4.695681631565093994e-01 6.697075963020324707e-01 5.753237605094909668e-01
-4.197376370429992676e-01 7.910525202751159668e-01 4.450349211692810059e-01
-3.047753870487213135e-01 7.561197280883789062e-01 5.791329145431518555e-01
2.403151541948318481e-01 8.169555664062500000e-01 -5.242443680763244629e-01
4.232074916362762451e-01 8.779543638229370117e-01 -2.238115668296813965e-01
-2.374349534511566162e-01 8.925658464431762695e-01 -3.833416700363159180e-01
7.834698557853698730e-01 5.988940000534057617e-01 1.658340841531753540e-01
-4.999879300594329834e-01 8.656127452850341797e-01 -2.695797011256217957e-02
2.246592789888381958e-01 5.027266740798950195e-01 8.347419500350952148e-01
-4.850266575813293457e-01 6.890799403190612793e-01 5.384404063224792480e-01
-4.943770468235015869e-01 6.534489989280700684e-01 5.732327699661254883e-01
1.307485401630401611e-01 8.826608657836914062e-01 -4.514583051204681396e-01
-5.778770446777343750e-01 7.671361565589904785e-01 -2.784963548183441162e-01
-8.004699349403381348e-01 5.740627050399780273e-01 1.723364293575286865e-01
-1.764449328184127808e-01 4.469368159770965576e-01 8.769918680191040039e-01
2.057092636823654175e-01 8.323912620544433594e-01 -5.145954489707946777e-01
6.354622840881347656e-01 7.215871810913085938e-01 -2.747721970081329346e-01
8.030014038085937500e-01 5.821889638900756836e-01 -1.274546533823013306e-01
-7.203152179718017578e-01 6.846724748611450195e-01 -1.112185493111610413e-01
5.890058875083923340e-01 2.926564514636993408e-01 7.532756924629211426e-01
-7.457332611083984375e-01 5.350389480590820312e-01 3.970077037811279297e-01
-4.820983111858367920e-01 5.350231528282165527e-01 6.937806010246276855e-01
-7.587587237358093262e-01 3.493675887584686279e-01 5.497522354125976562e-01
-1.703425645828247070e-01 4.577030837535858154e-01 8.726346492767333984e-01
5.124913454055786133e-01 6.211115121841430664e-01 -5.929359793663024902e-01
4.016231000423431396e-01 6.794683337211608887e-01 -6.140208244323730469e-01
7.847411632537841797e-01 4.270785748958587646e-01 -4.492049813270568848e-01
-4.681542813777923584e-01 6.721243858337402344e-01 -5.736553072929382324e-01
-6.263308525085449219e-01 6.040651202201843262e-01 -4.927626252174377441e-01
7.466037869453430176e-01 3.104358911514282227e-01 5.883980393409729004e-01
-8.223432302474975586e-01 3.958432674407958984e-01 4.087294042110443115e-01
3.663969635963439941e-01 1.714859157800674438e-01 9.145194292068481445e-01
-7.844059914350509644e-02 8.838124573230743408e-02 9.929933547973632812e-01
-3.590829372406005859e-01 1.623404324054718018e-01 9.190783500671386719e-01
-2.147358059883117676e-01 6.973471641540527344e-01 -6.838095188140869141e-01
6.517015397548675537e-02 4.383299052715301514e-01 -8.964483737945556641e-01
-5.545189380645751953e-01 2.980888783931732178e-01 -7.769503593444824219e-01
9.621029496192932129e-01 2.344485223293304443e-01 1.392546594142913818e-01
-8.039311766624450684e-01 5.569349527359008789e-01 -2.086099237203598022e-01
-8.949468731880187988e-01 1.732877492904663086e-01 4.111464619636535645e-01
-2.586700320243835449e-01 3.890857845544815063e-02 9.651818871498107910e-01
5.608362555503845215e-01 3.830946385860443115e-01 -7.339626550674438477e-01
9.016706943511962891e-01 3.068095445632934570e-01 -3.047257661819458008e-01
-4.519909620285034180e-01 1.878218948841094971e-01 -8.720247149467468262e-01
9.557571411132812500e-01 2.850896120071411133e-01 -7.247207313776016235e-02
8.689262866973876953e-01 1.925928331911563873e-02 4.945666790008544922e-01
-9.190734028816223145e-01 3.140917122364044189e-01 2.380137145519256592e-01
-8.337540626525878906e-01 -2.539791762828826904e-01 4.902537465095520020e-01
6.706078648567199707e-01 2.572758495807647705e-01 -6.957688927650451660e-01
-1.714586168527603149e-01 4.220364615321159363e-02 -9.842869639396667480e-01
-4.055627584457397461e-01 3.922749757766723633e-01 -8.256145119667053223e-01
6.473274827003479004e-01 9.006039798259735107e-02 7.568727135658264160e-01
5.540303587913513184e-01 -3.585196658968925476e-02 8.317241668701171875e-01
-8.964967727661132812e-01 -3.537936881184577942e-02 4.416354596614837646e-01
6.909209489822387695e-02 -1.087066382169723511e-01 9.916698336601257324e-01
-2.392925769090652466e-01 -2.015048116445541382e-01 9.498078227043151855e-01
4.530317187309265137e-01 3.075674176216125488e-01 -8.367583155632019043e-01
-4.344687238335609436e-02 -1.306619644165039062e-01 -9.904745221138000488e-01
8.357093930244445801e-01 2.804171666502952576e-02 -5.484554767608642578e-01
-2.959338724613189697e-01 3.288217484951019287e-01 -8.968273997306823730e-01
-4.391627013683319092e-01 6.241979598999023438e-01 -6.461524963378906250e-01
8.269566893577575684e-01 -2.239161729812622070e-01 5.157559514045715332e-01
-9.756157994270324707e-01 2.008651196956634521e-01 8.847025781869888306e-02
-7.632469534873962402e-01 -2.375736236572265625e-01 6.008434295654296875e-01
2.296886146068572998e-01 -3.749855458736419678e-01 8.981253504753112793e-01
-1.663843393325805664e-01 -4.226122796535491943e-01 8.909068107604980469e-01
9.603198170661926270e-01 -5.961409211158752441e-02 -2.724555730819702148e-01
-5.395398288965225220e-02 7.645105719566345215e-01 -6.423493027687072754e-01
9.817371964454650879e-01 -1.795576512813568115e-01 6.285789608955383301e-02
-4.517620503902435303e-01 8.858424425125122070e-01 -1.058028340339660645e-01
9.633584618568420410e-01 -2.525334060192108154e-01 9.037370979785919189e-02
-8.656296730041503906e-01 4.518574476242065430e-01 2.156621515750885010e-01
-5.724650025367736816e-01 -3.807655274868011475e-01 7.261553406715393066e-01
7.355283014476299286e-03 9.686419367790222168e-01 2.483520656824111938e-01
-6.871589273214340210e-02 9.337306022644042969e-01 3.513192832469940186e-01
-6.459997892379760742e-01 7.491182684898376465e-01 -1.466499119997024536e-01
7.036762237548828125e-01 -9.683090448379516602e-02 7.038918137550354004e-01
3.221609592437744141e-01 9.465046525001525879e-01 1.847388781607151031e-02
-4.344348609447479248e-01 8.367286324501037598e-01 -3.333941698074340820e-01
3.452776372432708740e-01 9.088417291641235352e-01 2.340728044509887695e-01
4.072666168212890625e-01 8.230967521667480469e-01 3.957847952842712402e-01
-5.642788410186767578e-01 8.255223035812377930e-01 1.011679321527481079e-02
3.189472854137420654e-01 9.397599697113037109e-01 -1.229792311787605286e-01
3.765206038951873779e-02 9.292991757392883301e-01 -3.674036264419555664e-01
3.641617298126220703e-02 8.628587722778320312e-01 -5.041315555572509766e-01
1.656401604413986206e-01 9.451376795768737793e-01 2.815639078617095947e-01
-1.633316874504089355e-01 8.604461550712585449e-01 4.826543331146240234e-01
-6.169714406132698059e-02 8.775319457054138184e-01 4.755325019359588623e-01
-1.120751649141311646e-01 9.023284316062927246e-01 4.162240922451019287e-01
-9.237996935844421387e-01 -1.932484060525894165e-01 3.305286169052124023e-01
-2.931225597858428955e-01 -5.184488892555236816e-01 8.032994270324707031e-01
1.382183134555816650e-01 9.898241162300109863e-01 -3.382180258631706238e-02
4.424733575433492661e-03 8.669922947883605957e-01 -4.983019530773162842e-01
5.753911733627319336e-01 7.094445824623107910e-01 4.069562852382659912e-01
8.194397687911987305e-01 5.269210934638977051e-01 2.255495637655258179e-01
3.757509589195251465e-01 -2.303412407636642456e-01 -8.976380228996276855e-01
-5.796691775321960449e-01 8.143422007560729980e-01 -2.881595864892005920e-02
2.510104179382324219e-01 -3.296291530132293701e-01 -9.101309776306152344e-01
4.672940373420715332e-01 8.840775489807128906e-01 6.577459163963794708e-03
3.492546677589416504e-01 2.384745031595230103e-01 -9.061738848686218262e-01
2.087946087121963501e-01 7.825536131858825684e-01 -5.865276455879211426e-01
-8.810423016548156738e-01 4.660137295722961426e-01 8.121395111083984375e-02
-3.907599449157714844e-01 8.544726371765136719e-01 3.423202335834503174e-01
-4.085747897624969482e-01 7.706978917121887207e-01 4.889698326587677002e-01
4.605074226856231689e-01 -4.874232709407806396e-01 7.418567538261413574e-01
-6.876785755157470703e-01 -5.636022090911865234e-01 4.576579332351684570e-01
1.682678312063217163e-01 8.745086193084716797e-01 -4.548852741718292236e-01
4.294508993625640869e-01 8.629295825958251953e-01 2.663164138793945312e-01
-5.922750830650329590e-01 5.773995518684387207e-01 -5.619786381721496582e-01
7.525011897087097168e-01 6.220023036003112793e-01 -2.164606004953384399e-01
6.684409976005554199e-01 -3.103151917457580566e-01 -6.759372353553771973e-01
-9.949685335159301758e-01 9.615752100944519043e-02 2.813135273754596710e-02
8.433142900466918945e-01 -3.753108680248260498e-01 3.846593201160430908e-01
-6.656019687652587891e-01 1.623862087726593018e-01 7.284262180328369141e-01
-4.166535735130310059e-01 3.997143507003784180e-01 8.164730668067932129e-01
-8.397603631019592285e-01 -1.125412285327911377e-01 5.311657190322875977e-01
1.688265800476074219e-01 -6.145859956741333008e-01 7.705721855163574219e-01
-6.788971424102783203e-01 -5.870335698127746582e-01 4.410104453563690186e-01
7.607885003089904785e-01 4.183501601219177246e-01 4.961692690849304199e-01
5.654678940773010254e-01 1.254031807184219360e-01 8.151810169219970703e-01
-5.835877656936645508e-01 4.178740084171295166e-01 -6.962805390357971191e-01
-8.825565576553344727e-01 4.469772279262542725e-01 -1.459635645151138306e-01
4.971210360527038574e-01 4.877796471118927002e-01 -7.175943851470947266e-01
-9.083054661750793457e-01 4.158629179000854492e-01 4.515729472041130066e-02
9.079734683036804199e-01 -3.814298212528228760e-01 -1.734803169965744019e-01
-9.987443089485168457e-01 -3.115644678473472595e-02 -3.922992944717407227e-02
-8.191268444061279297e-01 -4.946961104869842529e-01 2.903566658496856689e-01
-4.367504715919494629e-01 -7.711824774742126465e-01 4.631702601909637451e-01
8.198277354240417480e-01 5.152181982994079590e-01 -2.498652786016464233e-01
2.923988103866577148e-01 6.975303292274475098e-01 -6.541822552680969238e-01
1.388765126466751099e-01 2.873760461807250977e-01 -9.476963281631469727e-01
7.885387539863586426e-01 4.022651612758636475e-01 4.651767909526824951e-01
9.721663594245910645e-02 -6.326172947883605957e-01 -7.683386206626892090e-01
6.384745240211486816e-01 -1.934147924184799194e-01 -7.449435591697692871e-01
6.722684502601623535e-01 -4.179170727729797363e-01 -6.110650300979614258e-01
8.534385263919830322e-02 -6.544017195701599121e-01 -7.513154149055480957e-01
7.694780826568603516e-01 -4.067223072052001953e-01 -4.924229681491851807e-01
-9.200186133384704590e-01 9.879892319440841675e-02 3.792157173156738281e-01
-8.582679033279418945e-01 -3.301162123680114746e-01 3.929370343685150146e-01
4.838708639144897461e-01 -7.859407067298889160e-01 3.849234580993652344e-01
-4.519097805023193359e-01 -1.694369465112686157e-01 8.758245706558227539e-01
-7.446793317794799805e-01 -2.983574569225311279e-01 5.970221161842346191e-01
2.250477522611618042e-01 -7.875928282737731934e-01 5.736297369003295898e-01
-7.116900086402893066e-01 -6.087046265602111816e-01 3.506793081760406494e-01
-4.607740640640258789e-01 4.396113753318786621e-01 -7.709923386573791504e-01
9.784643054008483887e-01 -2.901147864758968353e-02 2.043672502040863037e-01
-9.648515582084655762e-01 -2.223303914070129395e-01 1.401096582412719727e-01
-4.533812403678894043e-01 -1.011780798435211182e-01 8.855554461479187012e-01
-8.527389913797378540e-02 -7.252099514007568359e-01 6.832268238067626953e-01
7.470216751098632812e-01 3.098447918891906738e-01 5.881791710853576660e-01
-4.086310863494873047e-01 5.962529182434082031e-01 -6.910160183906555176e-01
7.022995352745056152e-01 -6.716840863227844238e-01 -2.358304113149642944e-01
4.941774904727935791e-01 -7.023480534553527832e-01 -5.123435258865356445e-01
-2.218421846628189087e-01 -8.297075033187866211e-01 -5.122221708297729492e-01
7.436757087707519531e-01 -6.571599245071411133e-01 1.228302419185638428e-01
3.628481924533843994e-01 -8.744913339614868164e-01 3.218789696693420410e-01
-6.335054636001586914e-01 -5.994755625724792480e-01 4.891829192638397217e-01
-5.333314538002014160e-01 -7.387372255325317383e-01 4.120980501174926758e-01
7.245188355445861816e-01 8.721032738685607910e-02 -6.837154030799865723e-01
-2.009536921977996826e-01 1.103216707706451416e-01 -9.733687639236450195e-01
7.974830269813537598e-01 1.889078617095947266e-01 5.730050206184387207e-01
8.249610066413879395e-01 2.198503315448760986e-01 -5.206776261329650879e-01
-9.375771880149841309e-01 3.142104744911193848e-01 -1.490663588047027588e-01
-9.002105593681335449e-01 4.289186596870422363e-01 -7.516429573297500610e-02
6.671206355094909668e-01 -6.684294342994689941e-01 -3.288649022579193115e-01
-9.125337600708007812e-01 3.513286411762237549e-01 2.094046473503112793e-01
-9.261757135391235352e-03 -8.417707681655883789e-01 -5.397557020187377930e-01
-8.390627056360244751e-02 -9.057989120483398438e-01 -4.153168797492980957e-01
6.368523836135864258e-01 -7.623778581619262695e-01 1.148877143859863281e-01
-7.730618119239807129e-01 -3.429938852787017822e-01 5.336015224456787109e-01
-2.754067778587341309e-01 -9.592462778091430664e-01 6.322659552097320557e-02
-5.351728945970535278e-02 -9.082118272781372070e-01 4.150748252868652344e-01
-1.886254847049713135e-01 -8.907442092895507812e-01 4.135156273841857910e-01
-4.311419427394866943e-01 -8.728647232055664062e-01 2.285254299640655518e-01
6.419140100479125977e-01 -8.015386760234832764e-02 -7.625757455825805664e-01
2.714653015136718750e-01 -8.363617211580276489e-02 -9.588073492050170898e-01
-3.771774470806121826e-01 3.645226657390594482e-01 -8.513873219490051270e-01
-6.111288666725158691e-01 4.705249369144439697e-01 -6.364964842796325684e-01
7.898749113082885742e-01 5.553320646286010742e-01 -2.601999044418334961e-01
8.072124123573303223e-01 -4.429220780730247498e-02 -5.885968804359436035e-01
1.606584042310714722e-01 -8.703515529632568359e-01 -4.654859304428100586e-01
-2.339746803045272827e-02 -8.648070693016052246e-01 -5.015587806701660156e-01
4.315344393253326416e-01 -8.646807074546813965e-01 2.571094632148742676e-01
3.332447111606597900e-01 -9.413587450981140137e-01 5.283613130450248718e-02
-1.188670694828033447e-01 -8.912594318389892578e-01 -4.376382231712341309e-01
-1.487894505262374878e-01 -9.408559799194335938e-01 -3.043875992298126221e-01
-1.979174278676509857e-02 -9.429666996002197266e-01 3.322980999946594238e-01
-4.770457148551940918e-01 -1.449748780578374863e-02 8.787589073181152344e-01
-1.443078219890594482e-01 -9.895286560058593750e-01 2.872105455026030540e-03
9.245529174804687500e-01 -2.598307430744171143e-01 -2.787289917469024658e-01
2.750581800937652588e-01 -8.979197144508361816e-01 -3.436325192451477051e-01
4.776017367839813232e-01 -7.656270861625671387e-01 4.309428930282592773e-01
1.152339056134223938e-01 -9.910296201705932617e-01 6.768685579299926758e-02
-6.253940463066101074e-01 -1.107745915651321411e-01 7.724062204360961914e-01
-3.386066555976867676e-01 -9.334701299667358398e-01 -1.182330995798110962e-01
1.265479624271392822e-01 -2.884318828582763672e-01 -9.491009116172790527e-01
-1.174642294645309448e-01 -8.849868178367614746e-02 -9.891259074211120605e-01
-3.382713198661804199e-01 7.332013547420501709e-02 -9.381880164146423340e-01
-8.932049274444580078e-01 1.035487800836563110e-01 4.375643134117126465e-01
-2.429549582302570343e-03 -5.639289617538452148e-01 8.258197307586669922e-01
8.606820702552795410e-01 -3.434496372938156128e-02 -5.079830288887023926e-01
9.439169168472290039e-01 2.805281579494476318e-01 -1.741397380828857422e-01
8.256504535675048828e-01 5.220826268196105957e-01 2.138482183218002319e-01
8.610705137252807617e-01 4.301367104053497314e-01 -2.711828947067260742e-01
-8.128497004508972168e-01 2.019900828599929810e-01 -5.463290214538574219e-01
7.515316605567932129e-01 -6.500018835067749023e-01 1.126834303140640259e-01
-8.334773778915405273e-01 -1.025594323873519897e-01 5.429520606994628906e-01
-9.599701762199401855e-01 -2.222557514905929565e-01 -1.704689413309097290e-01
-9.746266007423400879e-01 2.124264240264892578e-01 7.055464386940002441e-02
8.112821578979492188e-01 -4.617112278938293457e-01 3.586697280406951904e-01
9.479895234107971191e-01 2.295466661453247070e-01 -2.205091863870620728e-01
-9.247758388519287109e-01 -3.186779916286468506e-01 2.079277634620666504e-01
-8.380340933799743652e-01 5.609907675534486771e-03 5.455890297889709473e-01
4.938815236091613770e-01 -6.642380952835083008e-01 5.611318349838256836e-01
4.014357328414916992e-01 -2.370605468750000000e-01 -8.846760392189025879e-01
-1.949928700923919678e-01 -4.545223414897918701e-01 -8.691301941871643066e-01
8.478957414627075195e-01 5.014432668685913086e-01 -1.721263825893402100e-01
-6.953466534614562988e-01 -4.402586221694946289e-01 -5.680364966392517090e-01
-9.329734444618225098e-01 -1.963520050048828125e-01 3.016729056835174561e-01
-7.694584727287292480e-01 2.664627134799957275e-02 6.381406784057617188e-01
5.160815715789794922e-01 -2.746089100837707520e-01 8.113259077072143555e-01
-4.665326476097106934e-01 -6.543854833580553532e-04 8.845037817955017090e-01
-1.792883127927780151e-01 -1.886076331138610840e-01 9.655479788780212402e-01
2.075264602899551392e-01 -3.550418019294738770e-01 -9.115251302719116211e-01
-3.237749636173248291e-02 -4.462535679340362549e-01 -8.943206071853637695e-01
-7.507641911506652832e-01 -5.658093690872192383e-01 -3.409002423286437988e-01
9.009872078895568848e-01 -8.934178203344345093e-02 4.245469868183135986e-01
5.416873693466186523e-01 -4.539773762226104736e-01 7.074457406997680664e-01
8.562800884246826172e-01 2.352144569158554077e-01 -4.598462879657745361e-01
-3.902851343154907227e-01 -4.190354645252227783e-01 -8.198090791702270508e-01
-7.341842651367187500e-01 -6.082391738891601562e-01 -3.016928732395172119e-01
-7.791209220886230469e-01 4.006640985608100891e-03 6.268609166145324707e-01
2.026794850826263428e-01 -1.622676253318786621e-01 9.657071232795715332e-01
-3.549248874187469482e-01 -5.020704865455627441e-01 -7.886403203010559082e-01
-4.886767566204071045e-01 -6.642072200775146484e-01 -5.657064914703369141e-01
7.519434690475463867e-01 5.877853631973266602e-01 2.984783351421356201e-01
-9.212637543678283691e-01 -2.970371544361114502e-01 -2.510815560817718506e-01
7.879075407981872559e-01 -8.979627490043640137e-02 -6.092112660408020020e-01
-2.263461472466588020e-03 -4.556343257427215576e-01 -8.901641368865966797e-01
-9.901030063629150391e-01 -8.349426090717315674e-02 -1.128033399581909180e-01
-6.797968149185180664e-01 1.669479906558990479e-01 7.141461372375488281e-01
7.097659111022949219e-01 -2.726251184940338135e-01 6.495444774627685547e-01
4.596531391143798828e-01 -2.437079399824142456e-01 -8.540055155754089355e-01
7.258214801549911499e-02 -2.793674767017364502e-01 -9.574369788169860840e-01
6.328527331352233887e-01 7.604039311408996582e-01 -1.458874195814132690e-01
8.549638390541076660e-01 4.022333323955535889e-01 -3.274829983711242676e-01
7.524967193603515625e-01 4.925554990768432617e-01 4.371930956840515137e-01
3.526559174060821533e-01 1.753683984279632568e-01 9.191733598709106445e-01
5.806357264518737793e-01 -4.005587399005889893e-01 7.088123559951782227e-01
-8.115507364273071289e-01 1.531545966863632202e-01 5.638520121574401855e-01
7.252189517021179199e-01 4.345250129699707031e-01 -5.340837240219116211e-01
-2.584575414657592773e-01 -3.065001070499420166e-01 -9.161099791526794434e-01
3.919719457626342773e-01 1.790155619382858276e-01 9.023920893669128418e-01
-4.052151441574096680e-01 2.110229060053825378e-02 9.139778017997741699e-01
2.916269600391387939e-01 -3.144345581531524658e-01 -9.033740758895874023e-01
-5.954413414001464844e-01 -3.074502646923065186e-01 -7.422424554824829102e-01
6.659176349639892578e-01 -4.928158819675445557e-01 5.600770115852355957e-01
-9.944522380828857422e-01 3.265800327062606812e-02 9.999125450849533081e-02
7.183163762092590332e-01 -4.305683970451354980e-01 5.464727282524108887e-01
6.745710968971252441e-01 -6.316643208265304565e-02 -7.355025410652160645e-01
2.254032194614410400e-01 -3.937231004238128662e-01 -8.911653161048889160e-01
9.588208794593811035e-01 -2.828512191772460938e-01 -2.564458362758159637e-02
5.562642216682434082e-01 -2.100271135568618774e-01 8.040264844894409180e-01
2.726453542709350586e-01 -2.620497047901153564e-01 9.257399439811706543e-01
8.465113043785095215e-01 -2.887945473194122314e-01 4.472317695617675781e-01
7.349768877029418945e-01 -1.463571786880493164e-01 6.621092557907104492e-01
-7.638151049613952637e-01 1.969184577465057373e-01 6.146621108055114746e-01
2.290755361318588257e-01 -1.263321638107299805e-01 9.651759862899780273e-01
6.995834112167358398e-01 -4.212427437305450439e-01 5.771806836128234863e-01
-9.407180547714233398e-01 1.241392940282821655e-01 3.156566023826599121e-01
3.623700141906738281e-01 4.760386049747467041e-02 9.308178424835205078e-01
2.326395064592361450e-01 -4.403194785118103027e-01 -8.671780228614807129e-01
6.341916322708129883e-01 -5.138306617736816406e-01 -5.777360796928405762e-01
-4.122683312743902206e-03 -2.048597335815429688e-01 -9.787826538085937500e-01
-6.820355653762817383e-01 -1.402504444122314453e-01 -7.177445292472839355e-01
-9.004071354866027832e-01 -5.136638507246971130e-02 -4.320051670074462891e-01
-3.220930695533752441e-01 1.218621805310249329e-01 9.388320446014404297e-01
3.525288105010986328e-01 -6.678307652473449707e-01 -6.555344462394714355e-01
4.619280099868774414e-01 -3.579556345939636230e-01 -8.114741444587707520e-01
4.338267147541046143e-01 -6.592543721199035645e-01 6.141481399536132812e-01
3.594981729984283447e-01 -8.842841982841491699e-01 -2.979974746704101562e-01
7.977261543273925781e-01 -6.029086709022521973e-01 -1.158160716295242310e-02
3.999319970607757568e-01 -8.888740539550781250e-01 2.235113382339477539e-01
9.051233530044555664e-01 -1.577059626579284668e-01 3.948171734809875488e-01
4.676145315170288086e-01 -2.589139044284820557e-01 -8.451628684997558594e-01
7.374912500381469727e-01 -6.167969703674316406e-01 -2.750782966613769531e-01
-9.967780113220214844e-01 2.361665293574333191e-02 -7.665459811687469482e-02
8.632182478904724121e-01 1.747986115515232086e-02 5.045281648635864258e-01
6.834275126457214355e-01 -2.691353559494018555e-01 -6.785962581634521484e-01
7.293979525566101074e-01 -4.437224268913269043e-01 -5.206621885299682617e-01
7.878431081771850586e-01 -6.156792640686035156e-01 1.556404586881399155e-02
9.462226629257202148e-01 -3.195044994354248047e-01 5.079067125916481018e-02
-9.561507701873779297e-01 1.363212317228317261e-01 2.592147290706634521e-01
-6.794095635414123535e-01 2.325443923473358154e-01 6.959351301193237305e-01
-2.655853927135467529e-01 1.877836287021636963e-01 9.456223845481872559e-01
-2.701697647571563721e-01 -2.146509289741516113e-01 -9.385804533958435059e-01
9.839730858802795410e-01 -8.313098549842834473e-02 1.577538698911666870e-01
7.473059892654418945e-01 1.086263135075569153e-01 6.555410623550415039e-01
8.103272914886474609e-01 -2.359698861837387085e-01 -5.363653898239135742e-01
-6.056129336357116699e-01 -1.684603691101074219e-01 -7.777236104011535645e-01
9.633316397666931152e-01 -2.280085533857345581e-01 1.414365023374557495e-01
-8.799859285354614258e-01 1.751915812492370605e-01 4.415117204189300537e-01
1.719390004873275757e-01 1.788778752088546753e-01 9.687309265136718750e-01
3.619812130928039551e-01 -2.539130449295043945e-01 -8.969380259513854980e-01
8.664633035659790039e-01 -2.806724309921264648e-01 -4.128731787204742432e-01
-1.346020847558975220e-01 2.248837947845458984e-01 9.650438427925109863e-01
-2.153569757938385010e-01 -2.194184213876724243e-01 -9.515655636787414551e-01
-9.604735970497131348e-01 1.061079800128936768e-01 2.573549747467041016e-01
3.315794467926025391e-01 1.914360374212265015e-01 9.238004684448242188e-01
-5.733148455619812012e-01 2.413339465856552124e-01 7.829865813255310059e-01
-9.963438510894775391e-01 6.939331442117691040e-02 -4.983499273657798767e-02
9.609972238540649414e-01 -2.472877204418182373e-01 -1.238272041082382202e-01
-9.005374908447265625e-01 -5.639350786805152893e-02 -4.311054944992065430e-01
7.125037908554077148e-01 -2.224337756633758545e-01 -6.654784083366394043e-01
7.785446047782897949e-01 1.082298457622528076e-01 6.181865930557250977e-01
1.543585807085037231e-01 -2.836568057537078857e-01 -9.464207887649536133e-01
8.624348640441894531e-01 -1.684667617082595825e-01 -4.773102700710296631e-01
9.782534837722778320e-01 -1.041787210851907730e-02 2.071508765220642090e-01
9.523494839668273926e-01 -1.200248301029205322e-01 -2.804007828235626221e-01
-9.694958925247192383e-01 3.269461169838905334e-02 -2.429170459508895874e-01
9.991425275802612305e-01 -4.136545956134796143e-02 -1.769556198269128799e-03
-2.899101674556732178e-01 -2.686066925525665283e-01 -9.185872673988342285e-01
-7.977660298347473145e-01 -8.606698364019393921e-02 -5.967929363250732422e-01
-9.426062107086181641e-01 1.428152322769165039e-01 3.018233776092529297e-01
-7.961156964302062988e-02 2.245771139860153198e-01 9.711988568305969238e-01
-5.306330323219299316e-01 -2.169519662857055664e-01 -8.193659186363220215e-01
-5.324690937995910645e-01 1.924572587013244629e-01 8.242796659469604492e-01
-7.885002493858337402e-01 1.685653626918792725e-01 5.914838314056396484e-01
3.778765201568603516e-01 1.718046218156814575e-01 9.097760915756225586e-01
5.880293250083923340e-01 -2.237083762884140015e-01 -7.772876620292663574e-01
-1.085308045148849487e-01 -2.875437140464782715e-01 -9.515985250473022461e-01
9.570045471191406250e-01 -6.651983410120010376e-02 -2.823428809642791748e-01
9.918578863143920898e-01 -4.581474699079990387e-03 1.272670775651931763e-01
7.435701489448547363e-01 1.033705547451972961e-01 6.606193184852600098e-01
3.310459852218627930e-01 1.956678777933120728e-01 9.231049418449401855e-01
5.135160684585571289e-01 -2.084972709417343140e-01 -8.323641419410705566e-01
-9.907599091529846191e-01 9.030874818563461304e-03 -1.353263407945632935e-01
-9.485630393028259277e-01 7.612978667020797729e-02 3.072983920574188232e-01
-4.822521507740020752e-01 -1.830403953790664673e-01 -8.566966652870178223e-01
9.994281530380249023e-01 -9.206550195813179016e-03 -3.253514692187309265e-02
4.466502666473388672e-01 1.721648275852203369e-01 8.779879808425903320e-01
8.059956133365631104e-02 1.927701681852340698e-01 9.779281020164489746e-01
-4.304723143577575684e-01 1.669283211231231689e-01 8.870335221290588379e-01
-8.338583707809448242e-01 -7.127038389444351196e-02 -5.473579764366149902e-01
9.871322512626647949e-01 1.324727479368448257e-02 1.593568474054336548e-01
4.898114204406738281e-01 -1.657596379518508911e-01 -8.559254407882690430e-01
-1.114629656076431274e-01 -2.176616489887237549e-01 -9.696388244628906250e-01
-7.632797956466674805e-01 1.230308860540390015e-01 6.342455148696899414e-01
9.673195481300354004e-01 -4.881079122424125671e-02 -2.488176822662353516e-01
-9.968900084495544434e-01 4.811788443475961685e-03 -7.865820080041885376e-02
-8.099762797355651855e-01 -1.006748974323272705e-01 -5.777567625045776367e-01
-9.394205212593078613e-01 6.407357007265090942e-02 3.367249667644500732e-01
8.379714488983154297e-01 9.364150464534759521e-02 5.376198887825012207e-01
-4.751931428909301758e-01 -1.679287552833557129e-01 -8.637079000473022461e-01
1.033300533890724182e-02 1.784805655479431152e-01 9.838892221450805664e-01
-4.391917884349822998e-01 1.408686935901641846e-01 8.872804045677185059e-01
-2.881552875041961670e-01 -1.881613135337829590e-01 -9.389152526855468750e-01
9.728145003318786621e-01 -4.378325864672660828e-02 -2.274091988801956177e-01
-9.733641743659973145e-01 5.960461124777793884e-02 2.213808596134185791e-01
9.836964607238769531e-01 2.411946468055248260e-02 1.782124489545822144e-01
5.277912020683288574e-01 1.607377380132675171e-01 8.340262770652770996e-01
9.052107110619544983e-03 -3.941470682621002197e-01 -9.190027713775634766e-01
-1.565245687961578369e-01 -4.086811542510986328e-01 -8.991550803184509277e-01
-7.462950348854064941e-01 9.326999634504318237e-02 6.590481996536254883e-01
6.132680177688598633e-01 -1.380556821823120117e-01 -7.777165174484252930e-01
1.421958860009908676e-02 -9.088266491889953613e-01 -4.169316887855529785e-01
-7.994054555892944336e-01 -1.191860735416412354e-01 -5.888510942459106445e-01
2.498818337917327881e-01 1.572834253311157227e-01 9.554166197776794434e-01
-5.168835520744323730e-01 1.009347662329673767e-01 8.500844836235046387e-01
-1.734233051538467407e-01 1.317463964223861694e-01 9.759954810142517090e-01
