9.862780570983886719e-01 -8.261421695351600647e-03 1.648861169815063477e-01
-1.922158844536170363e-04 -4.604483547154814005e-05 -1.000000000000000000e+00
9.895465970039367676e-01 -1.429038941860198975e-01 1.939300075173377991e-02
9.912928342819213867e-01 1.302512139081954956e-01 1.931502670049667358e-02
9.868170619010925293e-01 2.793008275330066681e-02 1.594113260507583618e-01
9.992029666900634766e-01 -6.866052746772766113e-03 3.932309150695800781e-02
9.519757032394409180e-01 4.773868992924690247e-02 3.024289608001708984e-01
-9.999979734420776367e-01 1.980495173484086990e-03 -3.763083950616419315e-04
-9.676607251167297363e-01 -2.522552013397216797e-01 -3.617813636083155870e-04
-1.656237542629241943e-01 9.771720170974731445e-01 1.330551803112030029e-01
9.841504096984863281e-01 -1.119871065020561218e-02 1.769818067550659180e-01
9.801754951477050781e-01 1.417441964149475098e-01 1.384361088275909424e-01
-3.422183726797811687e-05 -1.721775479381904006e-04 1.000000000000000000e+00
-3.837046460830606520e-05 -1.337518770014867187e-04 1.000000000000000000e+00
-1.593011170625686646e-01 5.586636811494827271e-02 -9.856480360031127930e-01
9.709301590919494629e-01 -2.393627017736434937e-01 -1.200483347929548472e-05
9.873738288879394531e-01 -9.085919708013534546e-03 -1.581467092037200928e-01
9.929711222648620605e-01 -1.153083816170692444e-01 -2.668874710798263550e-02
9.889121651649475098e-01 2.672513201832771301e-02 -1.460774242877960205e-01
9.844930768013000488e-01 -1.106256321072578430e-01 -1.361450105905532837e-01
9.896625280380249023e-01 1.418308615684509277e-01 -2.126285806298255920e-02
-9.945057034492492676e-01 -9.862690418958663940e-02 3.508667647838592529e-02
-1.247809603810310364e-01 9.810338020324707031e-01 -1.483321785926818848e-01
9.568626880645751953e-01 2.890545129776000977e-01 -2.934821695089340210e-02
9.709141254425048828e-01 -2.394281029701232910e-01 -3.653800013125874102e-05
9.874084591865539551e-01 7.327555865049362183e-02 -1.401972174644470215e-01
5.643667464028112590e-06 5.578869604505598545e-05 -1.000000000000000000e+00
-6.505716737592592835e-05 -8.826248085824772716e-05 -1.000000000000000000e+00
-9.999979734420776367e-01 1.977266278117895126e-03 -3.804220759775489569e-04
-9.999979734420776367e-01 1.980305882170796394e-03 -3.794797521550208330e-04
9.593561887741088867e-01 2.289038598537445068e-01 1.650416702032089233e-01
-3.038731515407562256e-01 8.617012500762939453e-01 -4.063644111156463623e-01
-2.299914807081222534e-01 2.382348775863647461e-01 -9.435825347900390625e-01
-3.607814013957977295e-01 8.523297905921936035e-01 -3.786433041095733643e-01
9.677205085754394531e-01 1.795957833528518677e-01 -1.768119037151336670e-01
-9.890363812446594238e-01 -1.445484310388565063e-01 3.021421469748020172e-02
-1.544516086578369141e-01 -4.431675970554351807e-01 8.830329775810241699e-01
-1.523336917161941528e-01 -5.121098160743713379e-01 8.453035354614257812e-01
-1.001419223030097783e-04 -1.661629357840865850e-04 1.000000000000000000e+00
8.499934673309326172e-01 -5.267933011054992676e-01 7.616166840307414532e-06
8.502990603446960449e-01 -5.262997150421142578e-01 4.158443480264395475e-04
1.981849968433380127e-01 -9.692435264587402344e-01 1.459095031023025513e-01
-9.676270484924316406e-01 -2.523841261863708496e-01 -3.589085245039314032e-04
-9.978076815605163574e-01 -5.070383101701736450e-02 4.253131896257400513e-02
3.600869240472093225e-05 -3.391121863387525082e-04 9.999999403953552246e-01
-9.991397261619567871e-01 -3.282088041305541992e-02 2.534690685570240021e-02
9.999951124191284180e-01 3.115027444437146187e-03 3.712275647558271885e-04
-9.666672348976135254e-01 -2.560361921787261963e-01 7.532944437116384506e-05
-9.668140411376953125e-01 -2.554811239242553711e-01 1.993477053474634886e-05
9.999951124191284180e-01 3.115027444437146187e-03 3.712275647558271885e-04
-7.476531027350574732e-05 -4.111222369829192758e-05 -1.000000000000000000e+00
-9.668140411376953125e-01 -2.554811239242553711e-01 1.993477053474634886e-05
-9.669606089591979980e-01 -2.549259960651397705e-01 -3.545990693964995444e-05
-1.125000789761543274e-01 -1.133732497692108154e-01 -9.871627688407897949e-01
9.810848236083984375e-01 -1.853533983230590820e-01 -5.582807213068008423e-02
-1.620224502403289080e-04 -1.064496900653466582e-04 -1.000000000000000000e+00
-3.035991787910461426e-01 9.527998566627502441e-01 -1.315886765951290727e-04
-9.666672348976135254e-01 -2.560361921787261963e-01 -7.532944437116384506e-05
-1.936834454536437988e-01 1.115823388099670410e-01 -9.746979475021362305e-01
9.716883897781372070e-01 -4.221370443701744080e-02 -2.324645072221755981e-01
-9.668140411376953125e-01 -2.554811239242553711e-01 -1.993477053474634886e-05
1.195524382637813687e-04 3.909437218680977821e-04 -9.999999403953552246e-01
-2.777912914752960205e-01 -9.606414437294006348e-01 0.000000000000000000e+00
-9.668140411376953125e-01 -2.554811239242553711e-01 -1.993477053474634886e-05
-9.669606089591979980e-01 -2.549259960651397705e-01 3.545990693964995444e-05
-9.999979734420776367e-01 1.979196444153785706e-03 -3.806853492278605700e-04
9.562644362449645996e-01 2.847980260848999023e-01 6.669595837593078613e-02
9.407148957252502441e-01 2.575072646141052246e-01 2.207838892936706543e-01
-1.214018389582633972e-01 3.895375430583953857e-01 9.129742980003356934e-01
-9.999979734420776367e-01 1.977922627702355385e-03 -3.861191507894545794e-04
-2.495905458927154541e-01 3.076387643814086914e-01 -9.181845784187316895e-01
9.462791681289672852e-01 2.180627286434173584e-01 -2.387560158967971802e-01
-9.999979734420776367e-01 1.984362024813890457e-03 -3.989390388596802950e-04
9.841437935829162598e-01 -1.512982994318008423e-01 -9.257307648658752441e-02
-6.353267282247543335e-02 -9.617903232574462891e-01 -2.663137614727020264e-01
9.784644246101379395e-01 -1.122096031904220581e-01 -1.732522696256637573e-01
-9.936211705207824707e-01 8.004152774810791016e-02 7.943791151046752930e-02
-9.979508519172668457e-01 -3.157320991158485413e-02 5.565325543284416199e-02
9.956668019294738770e-01 -6.197845935821533203e-02 6.932665407657623291e-02
9.799811244010925293e-01 -1.949408203363418579e-01 4.043577238917350769e-02
-9.949568510055541992e-01 -7.489711791276931763e-02 6.671797484159469604e-02
-9.949114322662353516e-01 -7.534340769052505493e-02 6.689320504665374756e-02
9.817338585853576660e-01 -1.409752815961837769e-01 1.277682036161422729e-01
5.548057556152343750e-01 -8.319798707962036133e-01 -8.330854228688622243e-08
6.083625555038452148e-01 -7.936592698097229004e-01 0.000000000000000000e+00
-3.858972191810607910e-01 -9.225417971611022949e-01 -6.466416380135342479e-05
3.457014827290549874e-06 7.147272117435932159e-05 -1.000000000000000000e+00
-1.774427145719528198e-01 1.009860858321189880e-01 9.789361357688903809e-01
-1.552515178918838501e-01 -2.529418170452117920e-01 9.549436569213867188e-01
-2.356114536523818970e-01 6.424842774868011475e-02 9.697212576866149902e-01
-1.761218905448913574e-01 -1.275214850902557373e-01 9.760734438896179199e-01
8.500273823738098145e-01 -5.267384648323059082e-01 -1.051343315339181572e-05
8.502991199493408203e-01 -5.262997150421142578e-01 -3.199894854333251715e-05
-3.569959402084350586e-01 -9.341059327125549316e-01 -1.004090590868145227e-04
-9.811438918113708496e-01 -1.932565569877624512e-01 -2.929149894043803215e-03
-1.707404255867004395e-01 -9.846187829971313477e-01 -3.706101700663566589e-02
6.481575369834899902e-01 -7.615062594413757324e-01 0.000000000000000000e+00
-2.777805924415588379e-01 -9.606445431709289551e-01 5.093120762467151508e-06
6.481575369834899902e-01 -7.615062594413757324e-01 0.000000000000000000e+00
5.168341398239135742e-01 -8.559978604316711426e-01 -1.224969793111085892e-02
6.481575369834899902e-01 -7.615062594413757324e-01 0.000000000000000000e+00
4.606215059757232666e-01 -8.875966668128967285e-01 -3.369186379131861031e-05
-6.709236913593485951e-05 -3.495545533951371908e-04 9.999999403953552246e-01
-3.915701210498809814e-01 -9.201482534408569336e-01 -1.294862740905955434e-04
-1.190018083434551954e-04 -3.564046637620776892e-04 9.999999403953552246e-01
-9.980744719505310059e-01 -6.202612072229385376e-02 -3.720402019098401070e-04
-2.266743630170822144e-01 9.337970018386840820e-01 2.768427133560180664e-01
-2.476334869861602783e-01 7.698830962181091309e-01 5.881816744804382324e-01
-9.806799143552780151e-02 9.909980297088623047e-01 9.113468974828720093e-02
-9.999980330467224121e-01 1.971645746380090714e-03 -3.703864931594580412e-04
-9.999980330467224121e-01 1.976718427613377571e-03 -3.675873449537903070e-04
-9.999979734420776367e-01 1.988934120163321495e-03 -4.129071312490850687e-04
-9.999979734420776367e-01 1.979564549401402473e-03 -3.781985142268240452e-04
-1.288200318813323975e-01 -1.076469346880912781e-01 -9.858080744743347168e-01
-1.329952627420425415e-01 -4.828136563301086426e-01 -8.655652403831481934e-01
9.712184667587280273e-01 -2.381863445043563843e-01 -1.388448639772832394e-03
9.777256250381469727e-01 -2.064156085252761841e-01 3.801583498716354370e-02
-2.837536334991455078e-01 -9.588972330093383789e-01 0.000000000000000000e+00
6.083625555038452148e-01 -7.936592698097229004e-01 0.000000000000000000e+00
-2.837424874305725098e-01 -9.589005112648010254e-01 -5.202428383199730888e-06
4.303995956433936954e-05 -1.234294813912129030e-05 -1.000000000000000000e+00
-3.071429431438446045e-01 9.516634345054626465e-01 -5.591880835709162056e-05
8.167933992808684707e-05 1.840576733229681849e-04 -1.000000000000000000e+00
-3.073284924030303955e-01 9.516034722328186035e-01 2.394917646597605199e-05
-3.007320992765016854e-05 -2.106032479787245393e-04 1.000000000000000000e+00
-9.910783171653747559e-01 -1.331552863121032715e-01 5.783701315522193909e-03
1.749631166458129883e-01 -9.834015965461730957e-01 -4.805482923984527588e-02
7.634451321791857481e-05 1.998398802243173122e-04 -1.000000000000000000e+00
-3.033508062362670898e-01 9.528789520263671875e-01 -2.363920611969660968e-05
3.252234091632999480e-05 -3.066963108722120523e-05 -1.000000000000000000e+00
-2.777698934078216553e-01 -9.606476426124572754e-01 1.018624152493430302e-05
-3.034749925136566162e-01 9.528393745422363281e-01 -7.761394226690754294e-05
-6.026118353474885225e-05 -2.315286546945571899e-04 9.999999403953552246e-01
-2.883751690387725830e-01 8.996607661247253418e-01 3.277959823608398438e-01
-2.056892365217208862e-01 6.441271305084228516e-01 7.367442250251770020e-01
9.557219743728637695e-01 1.225650086998939514e-01 2.675322294235229492e-01
9.551972150802612305e-01 8.830489963293075562e-02 -2.824898660182952881e-01
-3.305729329586029053e-01 6.452838182449340820e-01 -6.887164115905761719e-01
-5.736747384071350098e-02 -7.711971998214721680e-01 -6.340061426162719727e-01
9.900764822959899902e-01 -1.297196447849273682e-01 -5.405072495341300964e-02
-1.058975085616111755e-01 -4.659088551998138428e-01 -8.784729242324829102e-01
-9.299465268850326538e-02 -9.505392313003540039e-01 2.963563799858093262e-01
-1.256680041551589966e-01 -8.175129294395446777e-01 5.620322823524475098e-01
-9.941219091415405273e-01 -8.135417103767395020e-02 7.143570482730865479e-02
-1.397396028041839600e-01 -7.060175538063049316e-01 6.942709088325500488e-01
-8.678397536277770996e-02 -9.409394264221191406e-01 3.272635340690612793e-01
6.083625555038452148e-01 -7.936592698097229004e-01 0.000000000000000000e+00
5.406556129455566406e-01 -8.411413431167602539e-01 1.314077153801918030e-02
9.709272980690002441e-01 -2.393745779991149902e-01 1.759766018949449062e-05
-2.577398717403411865e-01 -9.662143588066101074e-01 1.621230185264721513e-04
-9.999915957450866699e-01 -3.116311738267540932e-03 2.657815581187605858e-03
9.999951124191284180e-01 3.115027444437146187e-03 3.712275647558271885e-04
-1.097153946757316589e-01 -9.868789911270141602e-01 1.184582635760307312e-01
-3.069573342800140381e-01 9.517232775688171387e-01 -1.357867877231910825e-04
-9.919992089271545410e-01 -1.262433230876922607e-01 -3.686819400172680616e-04
1.199640319100581110e-04 3.566216037143021822e-04 -9.999999403953552246e-01
-9.999959468841552734e-01 -2.801125869154930115e-03 4.735057009384036064e-04
-3.071429431438446045e-01 9.516634345054626465e-01 -5.591880835709162056e-05
-8.531721687177196145e-05 -4.278424312360584736e-04 9.999999403953552246e-01
-2.837424874305725098e-01 -9.589005112648010254e-01 -5.202428383199730888e-06
6.083625555038452148e-01 -7.936592698097229004e-01 0.000000000000000000e+00
-2.837313711643218994e-01 -9.589038491249084473e-01 -1.040485767589416355e-05
2.428589505143463612e-05 -4.735243419418111444e-05 1.000000000000000000e+00
9.601892232894897461e-01 3.488254547119140625e-02 -2.771641016006469727e-01
-9.977656602859497070e-01 -6.677734106779098511e-02 -2.098223427310585976e-03
-3.034749925136566162e-01 9.528393745422363281e-01 -7.761394226690754294e-05
-8.591016921855043620e-06 -2.257645246572792530e-04 1.000000000000000000e+00
6.481575369834899902e-01 -7.615062594413757324e-01 0.000000000000000000e+00
5.650224193232133985e-05 1.496545883128419518e-05 1.000000000000000000e+00
-2.777805924415588379e-01 -9.606445431709289551e-01 5.093120762467151508e-06
-1.754473894834518433e-01 9.772253036499023438e-01 -1.193686649203300476e-01
9.573592543601989746e-01 2.865259349346160889e-01 3.696104884147644043e-02
-1.666139513254165649e-01 3.562993705272674561e-01 9.193968176841735840e-01
9.457955956459045410e-01 3.124465942382812500e-01 -8.858821541070938110e-02
-2.998590469360351562e-01 5.185663700103759766e-01 -8.007330298423767090e-01
-8.624230325222015381e-02 -9.860259890556335449e-01 -1.425305306911468506e-01
-5.173639580607414246e-02 -8.579450845718383789e-01 -5.111297369003295898e-01
9.938005208969116211e-01 8.351671695709228516e-02 -7.338574528694152832e-02
-9.805665351450443268e-03 -9.999518990516662598e-01 4.578863354254281148e-06
-9.805752895772457123e-03 -9.999518990516662598e-01 3.468428303676773794e-06
1.800862257368862629e-03 9.990193247795104980e-01 -4.423969984054565430e-02
-9.805641137063503265e-03 -9.999519586563110352e-01 -1.815765244828071445e-05
-9.070404767990112305e-01 -4.100891649723052979e-01 -9.541781246662139893e-02
-5.212255120277404785e-01 -4.795607924461364746e-01 -7.059358954429626465e-01
-8.158916234970092773e-02 -4.439355731010437012e-01 -8.923364877700805664e-01
-6.947402358055114746e-01 -7.148919701576232910e-01 7.915511727333068848e-02
-6.825316548347473145e-01 -4.457387328147888184e-01 5.791955590248107910e-01
-1.461975723505020142e-01 -3.751428425312042236e-01 9.153655171394348145e-01
9.284386038780212402e-01 -3.319200873374938965e-01 -1.668256223201751709e-01
6.666707992553710938e-01 -4.254555702209472656e-01 -6.119948029518127441e-01
2.334246337413787842e-01 -3.263899087905883789e-01 -9.159598946571350098e-01
1.492900401353836060e-01 -5.806264281272888184e-01 8.003658652305603027e-01
6.294093132019042969e-01 -4.180306792259216309e-01 6.550529599189758301e-01
9.495122432708740234e-01 -2.251975685358047485e-01 2.184320092201232910e-01
-5.145794129930436611e-04 9.999994039535522461e-01 -1.017525792121887207e-03
-9.805378504097461700e-03 -9.999519586563110352e-01 -3.332442929604439996e-06
-8.139528334140777588e-02 -8.172498345375061035e-01 5.705063343048095703e-01
1.030059903860092163e-01 -8.156094551086425781e-01 5.693601965904235840e-01
3.576710224151611328e-01 -8.207621574401855469e-01 4.454446732997894287e-01
-5.222151521593332291e-04 9.999993443489074707e-01 -1.021579722873866558e-03
-5.224014166742563248e-04 9.999992847442626953e-01 -1.010587089695036411e-03
-7.250399589538574219e-01 -5.921446681022644043e-01 -3.516843318939208984e-01
-2.844900488853454590e-01 -5.475176572799682617e-01 -7.869496345520019531e-01
-8.416846990585327148e-01 -4.593642950057983398e-01 2.838155627250671387e-01
-4.127883017063140869e-01 -4.093867838382720947e-01 8.136389851570129395e-01
8.734640432521700859e-04 9.992685317993164062e-01 -3.823073580861091614e-02
-5.205724737606942654e-04 9.999993443489074707e-01 -1.010019565001130104e-03
9.718200564384460449e-01 2.357238829135894775e-01 0.000000000000000000e+00
-4.251068276062142104e-06 -3.413508238736540079e-05 -1.000000000000000000e+00
9.962880611419677734e-01 8.608239889144897461e-02 4.584013368003070354e-06
-5.278965691104531288e-04 9.999993443489074707e-01 -1.013520406559109688e-03
9.719408750534057617e-01 2.352252751588821411e-01 -1.190297334687784314e-04
9.961854219436645508e-01 8.726184070110321045e-02 -4.231766797602176666e-05
3.957754373550415039e-01 9.183331131935119629e-01 -5.113393533974885941e-03
-5.222689942456781864e-04 9.999993443489074707e-01 -1.017466536723077297e-03
-3.419619798660278320e-01 3.378014266490936279e-02 9.391064643859863281e-01
-9.805748239159584045e-03 -9.999518990516662598e-01 -6.416586529667256400e-06
9.874602556228637695e-01 9.042762964963912964e-02 1.294029206037521362e-01
7.930817008018493652e-01 9.386009722948074341e-02 6.018402576446533203e-01
-9.896085858345031738e-01 -9.999560564756393433e-02 -1.033238172531127930e-01
-2.892011106014251709e-01 -9.055634737014770508e-01 -3.103505969047546387e-01
-4.060606062412261963e-01 -9.107894301414489746e-01 7.468198239803314209e-02
7.756329178810119629e-01 -6.259298324584960938e-01 8.127357810735702515e-02
7.800249457359313965e-01 -6.223891377449035645e-01 -6.475222110748291016e-02
6.134205460548400879e-01 8.222465962171554565e-02 -7.854644060134887695e-01
9.609497189521789551e-01 9.858352690935134888e-02 -2.585672736167907715e-01
1.947613805532455444e-01 7.487386465072631836e-02 9.779887199401855469e-01
-9.368629455566406250e-01 -9.783606231212615967e-02 -3.357319235801696777e-01
-1.107403486967086792e-01 8.798944205045700073e-02 9.899466633796691895e-01
9.960576891899108887e-01 8.870801329612731934e-02 -4.510536382440477610e-05
-8.525453267793636769e-06 -2.371946720813866705e-05 -1.000000000000000000e+00
9.683427214622497559e-01 2.482901215553283691e-01 -2.577543072402477264e-02
3.957754373550415039e-01 9.183331131935119629e-01 -5.113393533974885941e-03
-5.256390431895852089e-04 9.999993443489074707e-01 -1.013628905639052391e-03
9.720613956451416016e-01 2.347266077995300293e-01 -2.380594378337264061e-04
3.880201578140258789e-01 9.215941429138183594e-01 -1.022629160434007645e-02
9.682003855705261230e-01 2.488582134246826172e-01 -2.564432471990585327e-02
9.719408750534057617e-01 2.352252751588821411e-01 -1.190297334687784314e-04
-9.805748239159584045e-03 -9.999519586563110352e-01 3.297168223070912063e-05
-9.805811569094657898e-03 -9.999519586563110352e-01 2.855544335034210235e-05
-5.227174842730164528e-04 9.999993443489074707e-01 -1.010724226944148540e-03
-5.225978093221783638e-04 9.999992847442626953e-01 -1.009080791845917702e-03
-9.805797599256038666e-03 -9.999518990516662598e-01 1.588514533068519086e-05
-9.805681183934211731e-03 -9.999518990516662598e-01 -4.577973868435947224e-06
-9.805621579289436340e-03 -9.999518990516662598e-01 3.176239488311694004e-06
-9.030219316482543945e-01 -2.249612845480442047e-02 4.290051162242889404e-01
-9.924407005310058594e-01 -5.560930445790290833e-02 1.094028651714324951e-01
9.963050484657287598e-01 8.588501065969467163e-02 -8.713253191672265530e-05
-5.233815172687172890e-04 9.999993443489074707e-01 -1.014524837955832481e-03
-3.759306967258453369e-01 -7.442102581262588501e-02 -9.236545562744140625e-01
-7.221311926841735840e-01 -7.433889806270599365e-02 -6.877500414848327637e-01
-6.554323434829711914e-01 -7.593094836920499802e-03 7.552156448364257812e-01
1.762329884513746947e-05 4.903144144918769598e-05 1.000000000000000000e+00
3.382433354854583740e-01 9.410586953163146973e-01 0.000000000000000000e+00
8.805621291685383767e-06 3.603407822083681822e-05 1.000000000000000000e+00
-5.226452485658228397e-04 9.999992847442626953e-01 -1.013890374451875687e-03
9.960814118385314941e-01 8.844117075204849243e-02 -8.921929111238569021e-05
5.409161746501922607e-02 4.146620631217956543e-02 -9.976746439933776855e-01
9.961854219436645508e-01 8.726184070110321045e-02 -4.231766797602176666e-05
-1.205699984296870753e-08 2.303671681147534400e-05 1.000000000000000000e+00
-1.369139296002686024e-03 -2.514090016484260559e-02 9.996829628944396973e-01
-8.662219042889773846e-04 9.999666810035705566e-01 8.115644566714763641e-03
-2.301214076578617096e-02 -5.544726923108100891e-02 9.981964230537414551e-01
-5.255736759863793850e-04 9.999993443489074707e-01 -1.016104943118989468e-03
-5.241520702838897705e-04 9.999993443489074707e-01 -1.013393979519605637e-03
4.143221303820610046e-02 2.444863319396972656e-02 -9.988421797752380371e-01
4.997074007987976074e-01 -7.881327867507934570e-01 -3.593594729900360107e-01
1.055377647280693054e-01 -7.974050045013427734e-01 -5.941439270973205566e-01
-1.313484013080596924e-01 -8.349584937095642090e-01 -5.344080328941345215e-01
-5.222734762355685234e-04 9.999992847442626953e-01 -1.018020207993686199e-03
5.474168574437499046e-04 9.998348355293273926e-01 -1.816480793058872223e-02
-5.224147462286055088e-04 9.999993443489074707e-01 -1.044450909830629826e-03
-5.222376203164458275e-04 9.999992847442626953e-01 -1.081755384802818298e-03
-5.205050692893564701e-04 9.999993443489074707e-01 -1.028987811878323555e-03
9.682003855705261230e-01 2.488582134246826172e-01 -2.564432471990585327e-02
2.875411882996559143e-02 7.420028559863567352e-03 -9.995589852333068848e-01
9.680576920509338379e-01 2.494262158870697021e-01 -2.551320940256118774e-02
2.027576416730880737e-02 5.200396291911602020e-03 9.997808933258056641e-01
-1.736046969890594482e-01 -2.882380411028862000e-02 -9.843934774398803711e-01
-2.973757684230804443e-01 -9.138914346694946289e-01 2.763514220714569092e-01
-9.389443439431488514e-04 9.999805688858032227e-01 6.169450469315052032e-03
-9.805689565837383270e-03 -9.999518990516662598e-01 -1.070247526513412595e-05
-4.151539504528045654e-01 -9.082609415054321289e-01 -5.205040797591209412e-02
-9.805642068386077881e-03 -9.999518990516662598e-01 -1.424993229193205480e-06
-8.281676564365625381e-04 9.998081326484680176e-01 1.957416720688343048e-02
1.445268839597702026e-01 6.221284717321395874e-02 -9.875431656837463379e-01
9.703496098518371582e-01 -2.415673285722732544e-01 -8.181201294064521790e-03
3.382433354854583740e-01 9.410586953163146973e-01 0.000000000000000000e+00
3.382433354854583740e-01 9.410586953163146973e-01 0.000000000000000000e+00
8.805621291685383767e-06 3.603407822083681822e-05 1.000000000000000000e+00
8.424960374832153320e-01 -5.387017130851745605e-01 9.525791392661631107e-04
-5.225136410444974899e-04 9.999993443489074707e-01 -1.014507026411592960e-03
2.331702830815629568e-08 -4.455069938558153808e-05 -1.000000000000000000e+00
3.382433354854583740e-01 9.410586953163146973e-01 0.000000000000000000e+00
-4.251068276062142104e-06 -3.413508238736540079e-05 -1.000000000000000000e+00
4.143221303820610046e-02 2.444863319396972656e-02 -9.988421797752380371e-01
8.280529379844665527e-01 -5.606496930122375488e-01 6.351763149723410606e-04
4.034923315048217773e-01 9.149830341339111328e-01 0.000000000000000000e+00
9.283289313316345215e-01 -3.717599809169769287e-01 0.000000000000000000e+00
-1.369139296002686024e-03 -2.514090016484260559e-02 9.996829628944396973e-01
