-8.883705139160156250e-01 -4.580689370632171631e-01 -3.115656226873397827e-02
8.882148861885070801e-01 -4.583643972873687744e-01 -3.124894388020038605e-02
-6.469210347859188914e-05 -3.937552273273468018e-01 9.192153215408325195e-01
2.421422868792433292e-05 -9.988065361976623535e-01 4.884164407849311829e-02
3.631674917414784431e-03 3.790402114391326904e-01 -9.253730773925781250e-01
1.225612219423055649e-02 9.987374544143676758e-01 4.871575534343719482e-02
1.598835619454064272e-09 0.000000000000000000e+00 -1.000000000000000000e+00
3.259816905483603477e-03 3.677402138710021973e-01 9.299228191375732422e-01
9.030198454856872559e-01 4.283619523048400879e-01 -3.257757797837257385e-02
-9.048607945442199707e-01 4.244800209999084473e-01 -3.230602666735649109e-02
2.151530861738137901e-05 -4.072977602481842041e-01 -9.132953882217407227e-01
1.598835619454064272e-09 0.000000000000000000e+00 1.000000000000000000e+00
9.940755963325500488e-01 0.000000000000000000e+00 1.086909025907516479e-01
-9.940755963325500488e-01 0.000000000000000000e+00 1.086908951401710510e-01
-7.201951146125793457e-01 -3.676064312458038330e-01 5.883745551109313965e-01
-4.713222682476043701e-01 8.809906840324401855e-01 4.136051610112190247e-02
1.163406576961278915e-02 8.577989339828491211e-01 5.138536691665649414e-01
-4.354694485664367676e-01 -8.992139101028442383e-01 4.219946265220642090e-02
8.144985622493550181e-05 -8.755478262901306152e-01 4.831315279006958008e-01
-6.398984193801879883e-01 4.412406384944915771e-01 -6.291555762290954590e-01
8.588249329477548599e-05 -9.037727117538452148e-01 -4.280126690864562988e-01
1.290232222527265549e-02 8.871535062789916992e-01 -4.612940847873687744e-01
7.200204730033874512e-01 -3.681407570838928223e-01 5.882542133331298828e-01
4.781900942325592041e-01 8.773368000984191895e-01 4.017977416515350342e-02
4.354410469532012939e-01 -8.992278575897216797e-01 4.219441860914230347e-02
6.407036185264587402e-01 4.455622434616088867e-01 -6.252784132957458496e-01
-7.271624803543090820e-01 3.446945548057556152e-01 5.936501026153564453e-01
-7.106077671051025391e-01 0.000000000000000000e+00 -7.035883069038391113e-01
7.277708053588867188e-01 3.480156064033508301e-01 5.909608602523803711e-01
7.106077671051025391e-01 0.000000000000000000e+00 -7.035883069038391113e-01
1.065890375961942027e-09 0.000000000000000000e+00 -1.000000000000000000e+00
-1.065890375961942027e-09 0.000000000000000000e+00 1.000000000000000000e+00
1.000000000000000000e+00 0.000000000000000000e+00 8.098587568383663893e-05
-1.000000000000000000e+00 0.000000000000000000e+00 8.097542013274505734e-05
-5.851873755455017090e-01 0.000000000000000000e+00 8.108981251716613770e-01
5.851873755455017090e-01 0.000000000000000000e+00 8.108981251716613770e-01
-6.280201077461242676e-01 -4.721014201641082764e-01 -6.186363101005554199e-01
6.278873682022094727e-01 -4.723484218120574951e-01 -6.185826063156127930e-01
1.065890375961942027e-09 0.000000000000000000e+00 -1.000000000000000000e+00
1.065890375961942027e-09 0.000000000000000000e+00 1.000000000000000000e+00
1.000000000000000000e+00 0.000000000000000000e+00 8.097459794953465462e-05
-1.000000000000000000e+00 0.000000000000000000e+00 8.097542013274505734e-05
-3.803017139434814453e-01 8.132467865943908691e-01 4.404546320438385010e-01
-3.492417633533477783e-01 -8.401777148246765137e-01 4.148873686790466309e-01
-3.634565174579620361e-01 -8.618591427803039551e-01 -3.536922931671142578e-01
-3.959591686725616455e-01 8.346837759017944336e-01 -3.827783167362213135e-01
3.893294930458068848e-01 8.108963966369628906e-01 4.368862509727478027e-01
3.489418625831604004e-01 -8.403919935226440430e-01 4.147057831287384033e-01
3.633575439453125000e-01 -8.619011044502258301e-01 -3.536915481090545654e-01
4.055304825305938721e-01 8.315548896789550781e-01 -3.795541822910308838e-01
-7.105507850646972656e-01 0.000000000000000000e+00 7.036458849906921387e-01
-7.106078267097473145e-01 0.000000000000000000e+00 -7.035883069038391113e-01
7.105507850646972656e-01 0.000000000000000000e+00 7.036458849906921387e-01
7.106078267097473145e-01 0.000000000000000000e+00 -7.035883069038391113e-01
-7.105507850646972656e-01 0.000000000000000000e+00 7.036458849906921387e-01
7.105507850646972656e-01 0.000000000000000000e+00 7.036458849906921387e-01
-7.106078267097473145e-01 0.000000000000000000e+00 -7.035883069038391113e-01
7.106078267097473145e-01 0.000000000000000000e+00 -7.035883069038391113e-01
6.850613355636596680e-01 7.155787348747253418e-01 1.365215182304382324e-01
6.534862518310546875e-01 -7.208582758903503418e-01 2.309093028306961060e-01
-7.332712411880493164e-01 6.257264018058776855e-01 -2.660446166992187500e-01
-4.953615367412567139e-01 -8.473507761955261230e-01 -1.913468837738037109e-01
-7.074440717697143555e-01 -7.065886259078979492e-01 -1.598198898136615753e-02
7.053974866867065430e-01 -7.087451815605163574e-01 -9.727012366056442261e-03
7.084804177284240723e-01 7.045916318893432617e-01 4.007720574736595154e-02
-7.062243223190307617e-01 7.074997425079345703e-01 2.629401907324790955e-02
5.322158336639404297e-01 7.170305252075195312e-01 4.501262903213500977e-01
4.409324824810028076e-01 -7.193939089775085449e-01 5.367037057876586914e-01
-3.789919316768646240e-01 7.142899632453918457e-01 -5.883492827415466309e-01
-4.595037400722503662e-01 -7.142326235771179199e-01 -5.279468894004821777e-01
4.608123898506164551e-01 8.873739242553710938e-01 1.481115352362394333e-02
2.507707178592681885e-01 -9.680112600326538086e-01 8.261641487479209900e-03
-2.947676777839660645e-01 8.005162477493286133e-01 -5.218100547790527344e-01
-2.727534174919128418e-01 -8.004810810089111328e-01 -5.336998105049133301e-01
2.394898086786270142e-01 7.171292901039123535e-01 6.545000076293945312e-01
1.190443783998489380e-01 -7.183246612548828125e-01 6.854475140571594238e-01
-1.449346542358398438e-01 5.667449235916137695e-01 8.110451102256774902e-01
-2.884143292903900146e-01 -5.668531060218811035e-01 7.716830372810363770e-01
-5.546923279762268066e-01 7.189471125602722168e-01 -4.188454151153564453e-01
-4.669682979583740234e-01 -7.189517021179199219e-01 -5.148290395736694336e-01
5.613330006599426270e-01 7.136595249176025391e-01 -4.190410375595092773e-01
4.725879728794097900e-01 -7.208180427551269531e-01 -5.070324540138244629e-01
-5.693849325180053711e-01 8.057643175125122070e-01 1.629251688718795776e-01
5.931225419044494629e-01 8.015977740287780762e-01 7.514446973800659180e-02
-5.869145989418029785e-01 -8.057281374931335449e-01 7.958304136991500854e-02
5.732162594795227051e-01 -8.063792586326599121e-01 1.455181539058685303e-01
-4.643544256687164307e-01 7.221492528915405273e-01 5.127136111259460449e-01
5.736961364746093750e-01 7.224395275115966797e-01 3.859455585479736328e-01
-5.620803833007812500e-01 -7.221326828002929688e-01 4.032245576381683350e-01
4.662039875984191895e-01 -7.267512679100036621e-01 5.044666528701782227e-01
-6.645594239234924316e-01 -7.154375910758972168e-01 -2.156613916158676147e-01
7.652268409729003906e-01 -6.180587410926818848e-01 -1.800870448350906372e-01
-6.900377869606018066e-01 7.154034972190856934e-01 -1.097528487443923950e-01
5.334724187850952148e-01 8.365063667297363281e-01 -1.251573264598846436e-01
2.300447225570678711e-01 8.091138601303100586e-01 -5.407534241676330566e-01
-2.152671366930007935e-01 6.195601820945739746e-01 -7.548544406890869141e-01
1.266232877969741821e-01 -8.093125820159912109e-01 -5.735675692558288574e-01
-1.469828933477401733e-01 -8.445786833763122559e-01 -5.148619413375854492e-01
2.509094476699829102e-01 7.185142636299133301e-01 6.486768126487731934e-01
-1.082352846860885620e-01 8.098775148391723633e-01 5.765271782875061035e-01
1.248121261596679688e-01 -7.193598747253417969e-01 6.833325028419494629e-01
-2.154883891344070435e-01 -8.099065423011779785e-01 5.455420613288879395e-01
-4.775342047214508057e-01 7.218919992446899414e-01 5.008323788642883301e-01
-4.839746057987213135e-01 -7.184170484542846680e-01 -4.996455609798431396e-01
5.819152593612670898e-01 7.227084040641784668e-01 3.729171752929687500e-01
4.781981110572814941e-01 -7.210111021995544434e-01 -5.014675259590148926e-01
-5.668329596519470215e-01 7.184198498725891113e-01 -4.032037854194641113e-01
-6.691632866859436035e-01 -7.148658633232116699e-01 -2.029462605714797974e-01
5.674023628234863281e-01 7.154414653778076172e-01 -4.076740443706512451e-01
7.694455981254577637e-01 -6.152936816215515137e-01 -1.713681370019912720e-01
-6.920365095138549805e-01 7.148621678352355957e-01 -1.002880260348320007e-01
-7.983730435371398926e-01 5.613561868667602539e-01 2.178985476493835449e-01
5.350911021232604980e-01 8.364002704620361328e-01 -1.187940165400505066e-01
8.264732956886291504e-01 5.542168617248535156e-01 9.892243891954421997e-02
-5.717943310737609863e-01 -7.218983769416809082e-01 3.897613883018493652e-01
-8.202325701713562012e-01 -5.613356828689575195e-01 1.100948601961135864e-01
4.792455434799194336e-01 -7.259607911109924316e-01 4.932593405246734619e-01
8.029599785804748535e-01 -5.641605257987976074e-01 1.922970712184906006e-01
3.928874731063842773e-01 -8.989471197128295898e-01 1.937354952096939087e-01
5.661643147468566895e-01 -7.187955379486083984e-01 -4.034736156463623047e-01
6.940070986747741699e-01 5.653467774391174316e-01 -4.457994997501373291e-01
7.677337527275085449e-01 6.060368418693542480e-01 2.080966234207153320e-01
-7.480462789535522461e-01 -6.628481745719909668e-01 3.254282847046852112e-02
-3.135222792625427246e-01 -3.635995686054229736e-01 -8.772110342979431152e-01
-1.350842714309692383e-01 6.931638121604919434e-01 -7.080085873603820801e-01
-8.840076923370361328e-01 3.679938316345214844e-01 -2.882897257804870605e-01
4.937350749969482422e-01 -8.693845868110656738e-01 1.990445144474506378e-02
8.827247619628906250e-01 4.698880314826965332e-01 1.502891420386731625e-03
-5.547538399696350098e-01 -8.319563865661621094e-01 9.834658354520797729e-03
-8.000000715255737305e-01 5.999995470046997070e-01 -6.556328735314309597e-04
6.385435461997985840e-01 -7.262462377548217773e-01 -2.546146214008331299e-01
-7.967798113822937012e-01 -2.831566631793975830e-01 -5.338204503059387207e-01
6.050768494606018066e-01 7.958199381828308105e-01 -2.350662648677825928e-02
-5.788667798042297363e-01 7.333168387413024902e-01 -3.565945029258728027e-01
5.452775955200195312e-01 -8.348340392112731934e-01 -7.565986365079879761e-02
-7.453451156616210938e-01 -6.503136157989501953e-01 -1.468086391687393188e-01
9.279788136482238770e-01 3.507113754749298096e-01 -1.259244680404663086e-01
-5.754439234733581543e-01 8.023279309272766113e-01 -1.585371494293212891e-01
7.806345224380493164e-01 6.249877810478210449e-01 0.000000000000000000e+00
-7.071068286895751953e-01 7.071068286895751953e-01 0.000000000000000000e+00
6.249877810478210449e-01 -7.806344628334045410e-01 0.000000000000000000e+00
-7.936414480209350586e-01 -5.492789149284362793e-01 -2.615836560726165771e-01
8.977705836296081543e-01 4.388957023620605469e-01 -3.712859004735946655e-02
-6.491693258285522461e-01 7.278397679328918457e-01 -2.209714055061340332e-01
3.146404027938842773e-01 -9.487066864967346191e-01 -3.093658387660980225e-02
-6.712127923965454102e-01 -6.300072669982910156e-01 -3.905946910381317139e-01
5.650572180747985840e-01 8.052232861518859863e-01 1.797939538955688477e-01
-7.071093916893005371e-01 7.071008086204528809e-01 -2.178372582420706749e-03
7.503167986869812012e-01 -6.214687228202819824e-01 2.253915518522262573e-01
-6.005202531814575195e-01 -7.996009588241577148e-01 3.700103377923369408e-03
7.073701024055480957e-01 -7.061702013015747070e-01 3.083963319659233093e-02
7.020004391670227051e-01 7.059085965156555176e-01 9.427832067012786865e-02
-8.005740642547607422e-01 -5.992327928543090820e-01 1.125448849052190781e-03
-5.520051121711730957e-01 8.324070572853088379e-01 4.887743294239044189e-02
-7.351389527320861816e-01 6.756506562232971191e-01 -5.537915602326393127e-02
3.480987846851348877e-01 8.183917999267578125e-01 -4.572329819202423096e-01
7.632168531417846680e-01 -6.250178217887878418e-01 1.638684719800949097e-01
-8.281008005142211914e-01 -5.605748891830444336e-01 2.193235093727707863e-03
-7.993050813674926758e-01 5.852243900299072266e-01 1.364688724279403687e-01
7.084923386573791504e-01 6.706238389015197754e-01 2.197778671979904175e-01
6.762904524803161621e-01 -7.354590296745300293e-01 4.160690680146217346e-02
-5.874451994895935059e-01 -8.092585802078247070e-01 2.946733497083187103e-03
-6.199762225151062012e-01 7.075271606445312500e-01 3.391677737236022949e-01
-3.267029821872711182e-01 7.802377343177795410e-01 -5.333799719810485840e-01
-6.344868540763854980e-01 -3.921541869640350342e-01 -6.660642027854919434e-01
-6.993024945259094238e-01 -7.125222086906433105e-01 5.734268575906753540e-02
7.061076760292053223e-01 7.072925567626953125e-01 3.389854729175567627e-02
5.661806464195251465e-01 3.874240815639495850e-01 -7.275589704513549805e-01
3.980777561664581299e-01 -6.782427430152893066e-01 -6.176736950874328613e-01
9.123266935348510742e-01 -2.571409344673156738e-01 -3.186513185501098633e-01
-4.938273727893829346e-01 8.693395256996154785e-01 1.957683078944683075e-02
-8.824205994606018066e-01 -4.704592227935791016e-01 1.459805876947939396e-03
5.547521114349365234e-01 8.319594860076904297e-01 9.672997519373893738e-03
8.000000715255737305e-01 -5.999995470046997070e-01 -6.512174732051789761e-04
-6.377984285354614258e-01 7.207175493240356445e-01 -2.716234922409057617e-01
7.588715553283691406e-01 2.764963507652282715e-01 -5.896301269531250000e-01
-6.050317287445068359e-01 -7.958627939224243164e-01 -2.321550250053405762e-02
5.200511813163757324e-01 -7.457173466682434082e-01 -4.164760708808898926e-01
-4.047086238861083984e-01 8.876440525054931641e-01 -2.197704762220382690e-01
7.980539798736572266e-01 6.025509238243103027e-01 -6.493856199085712433e-03
-8.017574548721313477e-01 -5.680966973304748535e-01 -1.856101751327514648e-01
7.071068286895751953e-01 -7.071067094802856445e-01 2.416650240775197744e-04
-7.805358171463012695e-01 -6.251111030578613281e-01 0.000000000000000000e+00
7.071068286895751953e-01 -7.071068286895751953e-01 0.000000000000000000e+00
-6.251110434532165527e-01 7.805358767509460449e-01 0.000000000000000000e+00
7.936414480209350586e-01 5.492789149284362793e-01 -2.615836560726165771e-01
-9.059067964553833008e-01 -4.176695942878723145e-01 -6.989318877458572388e-02
5.288183689117431641e-01 -8.307973146438598633e-01 -1.735712885856628418e-01
-6.258844733238220215e-01 7.778024673461914062e-01 -5.737493187189102173e-02
5.858134627342224121e-01 7.188273668289184570e-01 -3.743124008178710938e-01
-5.650387406349182129e-01 -8.052353858947753906e-01 1.797977685928344727e-01
7.071092128753662109e-01 -7.071014642715454102e-01 -2.000477630645036697e-03
-7.365634441375732422e-01 6.248075366020202637e-01 2.590169310569763184e-01
6.000038385391235352e-01 7.986255288124084473e-01 4.682752862572669983e-02
-7.085096240043640137e-01 7.053931355476379395e-01 2.084592729806900024e-02
-7.092365622520446777e-01 -7.028695344924926758e-01 5.438717082142829895e-02
7.067508101463317871e-01 7.073037028312683105e-01 1.499587856233119965e-02
7.064947485923767090e-01 -7.069873809814453125e-01 3.215739876031875610e-02
7.725828886032104492e-01 -6.138911247253417969e-01 -1.620289385318756104e-01
-3.733581006526947021e-01 -6.948583722114562988e-01 -6.146345138549804688e-01
-7.972812056541442871e-01 5.881195664405822754e-01 1.358599364757537842e-01
7.994662523269653320e-01 6.001819968223571777e-01 2.520522475242614746e-02
-6.876903176307678223e-01 7.159883975982666016e-01 1.201773360371589661e-01
-6.547343730926513672e-01 -7.183331847190856934e-01 2.352025955915451050e-01
6.141545772552490234e-01 7.264139652252197266e-01 -3.084425330162048340e-01
6.702764034271240234e-01 -7.264139652252197266e-01 -1.518295854330062866e-01
7.067063450813293457e-01 -7.074562907218933105e-01 8.476447314023971558e-03
-7.988874316215515137e-01 -6.013017296791076660e-01 1.466779038310050964e-02
-5.558463931083679199e-01 8.312230706214904785e-01 1.014718133956193924e-02
7.068879604339599609e-01 7.072950005531311035e-01 6.566742435097694397e-03
7.069730758666992188e-01 -7.048197388648986816e-01 5.846424400806427002e-02
-7.057759761810302734e-01 -6.985329389572143555e-01 1.180340498685836792e-01
-7.035079598426818848e-01 7.081938982009887695e-01 5.948000401258468628e-02
7.067440748214721680e-01 7.070058584213256836e-01 2.560265921056270599e-02
-6.420170068740844727e-01 -6.235021352767944336e-01 4.461604654788970947e-01
7.071633934974670410e-01 -7.070473432540893555e-01 -1.992764184251427650e-03
-5.266879200935363770e-01 7.514891028404235840e-01 3.973208963871002197e-01
7.061992883682250977e-01 7.067211270332336426e-01 4.275439679622650146e-02
-6.109167337417602539e-01 7.908508777618408203e-01 3.654761612415313721e-02
7.071269750595092773e-01 7.064500451087951660e-01 2.999732457101345062e-02
-7.973151206970214844e-01 -6.035552024841308594e-01 3.113323356956243515e-03
7.071068286895751953e-01 -7.071054577827453613e-01 -1.353699713945388794e-03
-6.819557547569274902e-01 -5.641792416572570801e-01 4.654439389705657959e-01
7.071683406829833984e-01 -7.070433497428894043e-01 -1.662041293457150459e-03
-4.518224596977233887e-01 8.244221210479736328e-01 3.408586978912353516e-01
7.054798603057861328e-01 7.077320814132690430e-01 3.759464621543884277e-02
-5.361776947975158691e-01 7.176821231842041016e-01 4.443489015102386475e-01
-4.430875182151794434e-01 -7.199978828430175781e-01 5.341128110885620117e-01
3.821723163127899170e-01 7.149212956428527832e-01 -5.855183601379394531e-01
4.656007885932922363e-01 -7.148648500442504883e-01 -5.217128992080688477e-01
-4.608165323734283447e-01 8.873720169067382812e-01 1.479976996779441833e-02
-2.508222758769989014e-01 -9.679979681968688965e-01 8.260098285973072052e-03
2.947456836700439453e-01 8.005157709121704102e-01 -5.218232870101928711e-01
2.727423310279846191e-01 -8.004805445671081543e-01 -5.337062478065490723e-01
-2.394956201314926147e-01 7.171456217765808105e-01 6.544799804687500000e-01
-1.190443783998489380e-01 -7.183246612548828125e-01 6.854475140571594238e-01
1.449194997549057007e-01 5.667422413825988770e-01 8.110496997833251953e-01
2.883840501308441162e-01 -5.668504238128662109e-01 7.716963887214660645e-01
5.547108054161071777e-01 7.189550399780273438e-01 -4.188074469566345215e-01
4.669600129127502441e-01 -7.189596295356750488e-01 -5.148255825042724609e-01
-5.613784193992614746e-01 7.135909795761108398e-01 -4.190967381000518799e-01
-4.725685715675354004e-01 -7.208454012870788574e-01 -5.070115923881530762e-01
5.693860054016113281e-01 8.057657480239868164e-01 1.629143655300140381e-01
-5.931417346000671387e-01 8.015823960304260254e-01 7.515728473663330078e-02
5.869155526161193848e-01 -8.057296276092529297e-01 7.956096529960632324e-02
-5.732331871986389160e-01 -8.063644170761108398e-01 1.455336809158325195e-01
4.643317162990570068e-01 7.221521735191345215e-01 5.127301216125488281e-01
-5.736551880836486816e-01 7.224774360656738281e-01 3.859353959560394287e-01
5.620703101158142090e-01 -7.221356034278869629e-01 4.032334089279174805e-01
-4.662451744079589844e-01 -7.267065644264221191e-01 5.044928789138793945e-01
6.645789146423339844e-01 -7.154313325881958008e-01 -2.156222164630889893e-01
-7.651540040969848633e-01 -6.181504726409912109e-01 -1.800810694694519043e-01
6.900443434715270996e-01 7.153972387313842773e-01 -1.097529754042625427e-01
-5.335338115692138672e-01 8.364650011062622070e-01 -1.251718103885650635e-01
-2.300550341606140137e-01 8.091256022453308105e-01 -5.407314300537109375e-01
2.153013944625854492e-01 6.195653676986694336e-01 -7.548404335975646973e-01
-1.266211420297622681e-01 -8.093127608299255371e-01 -5.735678076744079590e-01
1.470055729150772095e-01 -8.445820212364196777e-01 -5.148500800132751465e-01
-2.509302794933319092e-01 7.184997797012329102e-01 6.486848592758178711e-01
1.082352995872497559e-01 8.098775148391723633e-01 5.765271782875061035e-01
-1.248269975185394287e-01 -7.193629741668701172e-01 6.833265423774719238e-01
2.154883891344070435e-01 -8.099065423011779785e-01 5.455420613288879395e-01
4.775342047214508057e-01 7.218919992446899414e-01 5.008323788642883301e-01
4.839876294136047363e-01 -7.184069156646728516e-01 -4.996471703052520752e-01
-5.819794535636901855e-01 7.226353883743286133e-01 3.729583919048309326e-01
-4.782662093639373779e-01 -7.209708690643310547e-01 -5.014603734016418457e-01
5.668121576309204102e-01 7.184098362922668457e-01 -4.032507240772247314e-01
6.691400408744812012e-01 -7.148734331130981445e-01 -2.029963582754135132e-01
-5.674043297767639160e-01 7.154540419578552246e-01 -4.076491594314575195e-01
-7.693946361541748047e-01 -6.153606176376342773e-01 -1.713570952415466309e-01
6.920285224914550781e-01 7.148696184158325195e-01 -1.002888530492782593e-01
7.983697056770324707e-01 5.613538622856140137e-01 2.179166674613952637e-01
-5.351387858390808105e-01 8.363627195358276367e-01 -1.188443899154663086e-01
-8.265726566314697266e-01 5.540664196014404297e-01 9.893435239791870117e-02
5.717943310737609863e-01 -7.218984365463256836e-01 3.897614479064941406e-01
8.202290534973144531e-01 -5.613333582878112793e-01 1.101323962211608887e-01
-4.792260527610778809e-01 -7.260032892227172852e-01 4.932157099246978760e-01
-8.028633594512939453e-01 -5.643059015274047852e-01 1.922739148139953613e-01
6.009147763252258301e-01 6.831474900245666504e-01 4.149830639362335205e-01
-7.071042656898498535e-01 7.071074843406677246e-01 -1.630505314096808434e-03
5.320339798927307129e-01 -7.568765878677368164e-01 3.795756399631500244e-01
-7.735788226127624512e-01 -6.328689455986022949e-01 -3.244565799832344055e-02
5.238353013992309570e-01 -7.883511185646057129e-01 3.226439654827117920e-01
-7.081361413002014160e-01 -7.060206532478332520e-01 -8.827601559460163116e-03
6.452693939208984375e-01 6.234827041625976562e-01 4.414711594581604004e-01
-7.071044445037841797e-01 7.071077227592468262e-01 -1.367154996842145920e-03
6.430912017822265625e-01 6.259591579437255859e-01 4.411449432373046875e-01
-7.071334123611450195e-01 7.070774435997009277e-01 -1.925261924043297768e-03
5.439270734786987305e-01 -7.639933228492736816e-01 3.470699489116668701e-01
-7.232367992401123047e-01 -6.905952095985412598e-01 2.592085627838969231e-03
