-8.784170746803283691e-01 -4.754627943038940430e-01 -4.815075546503067017e-02
8.788846731185913086e-01 -4.758400917053222656e-01 -3.373338654637336731e-02
-2.706294762901961803e-04 -3.965444862842559814e-01 9.180154800415039062e-01
8.904938586056232452e-04 -9.999347329139709473e-01 1.138853933662176132e-02
-4.465170577168464661e-02 4.240665137767791748e-01 -9.045295715332031250e-01
2.513856394216418266e-03 9.999331831932067871e-01 1.127771567553281784e-02
6.202384829521179199e-02 7.183665729826316237e-05 -9.980747103691101074e-01
5.539596895687282085e-04 3.692620694637298584e-01 9.293251633644104004e-01
8.949776887893676758e-01 4.448504149913787842e-01 -3.351337090134620667e-02
-8.945349454879760742e-01 4.444296658039093018e-01 -4.784887656569480896e-02
-4.615455865859985352e-02 -4.549206197261810303e-01 -8.893351554870605469e-01
-4.250693600624799728e-04 0.000000000000000000e+00 9.999998807907104492e-01
9.903205633163452148e-01 1.924750249600037932e-04 1.387989670038223267e-01
-9.923737645149230957e-01 -1.975273044081404805e-04 1.232649162411689758e-01
-7.099106311798095703e-01 -3.740926086902618408e-01 5.967257618904113770e-01
-4.632512629032135010e-01 8.861782550811767578e-01 9.294162504374980927e-03
2.413118490949273109e-03 8.687672615051269531e-01 4.952147901058197021e-01
-4.317333996295928955e-01 -9.019455313682556152e-01 1.002313848584890366e-02
3.295642090961337090e-04 -8.859467506408691406e-01 4.637868702411651611e-01
-6.162106394767761230e-01 4.465497136116027832e-01 -6.487509608268737793e-01
1.287904684431850910e-03 -8.920291066169738770e-01 -4.519760608673095703e-01
3.226347733289003372e-03 8.751394748687744141e-01 -4.838598370552062988e-01
7.044710516929626465e-01 -3.722049891948699951e-01 6.043046116828918457e-01
4.655946791172027588e-01 8.848435282707214355e-01 1.654249429702758789e-02
4.317621290683746338e-01 -9.018340706825256348e-01 1.663387753069400787e-02
5.670711398124694824e-01 3.591995835304260254e-01 -7.412193417549133301e-01
-7.152412533760070801e-01 3.514508903026580811e-01 6.040796041488647461e-01
-6.903594732284545898e-01 -1.046733086695894599e-04 -7.234665155410766602e-01
7.104442715644836426e-01 3.508055508136749268e-01 6.100856065750122070e-01
7.480466961860656738e-01 1.167774316854774952e-04 -6.636460423469543457e-01
1.382979215122759342e-03 1.426514063496142626e-04 -9.999989867210388184e-01
-3.120131150353699923e-04 4.127628926653414965e-05 9.999999403953552246e-01
9.997994899749755859e-01 2.103783655911684036e-03 1.991417817771434784e-02
-9.999917149543762207e-01 3.491538809612393379e-04 4.041201900690793991e-03
-5.639039874076843262e-01 -9.071364183910191059e-05 8.258403539657592773e-01
5.597367286682128906e-01 8.848571451380848885e-05 8.286705017089843750e-01
-6.066305637359619141e-01 -4.739964306354522705e-01 -6.382215023040771484e-01
5.590612292289733887e-01 -3.808115422725677490e-01 -7.365006208419799805e-01
4.452936723828315735e-02 -8.440382953267544508e-05 -9.990080595016479492e-01
-4.261022550053894520e-04 -4.145340426475740969e-05 9.999999403953552246e-01
9.997978806495666504e-01 -7.656178786419332027e-04 2.009059861302375793e-02
-9.999923110008239746e-01 -6.888575735501945019e-04 3.856091760098934174e-03
-3.816996514797210693e-01 8.239224553108215332e-01 4.188761115074157715e-01
-3.549394607543945312e-01 -8.491272330284118652e-01 3.911533057689666748e-01
-3.551846444606781006e-01 -8.550634980201721191e-01 -3.777701258659362793e-01
-3.817325532436370850e-01 8.303043246269226074e-01 -4.060480296611785889e-01
3.832163512706756592e-01 8.211379051208496094e-01 4.229395091533660889e-01
3.543896675109863281e-01 -8.472818136215209961e-01 3.956278562545776367e-01
3.569552600383758545e-01 -8.568386435508728027e-01 -3.720354437828063965e-01
3.861593306064605713e-01 8.313542604446411133e-01 -3.996635973453521729e-01
-6.905465722084045410e-01 1.614319626241922379e-04 7.232878804206848145e-01
-6.904180049896240234e-01 8.488342427881434560e-05 -7.234106659889221191e-01
6.850668787956237793e-01 8.663007756695151329e-04 7.284796833992004395e-01
6.976115107536315918e-01 1.542104408144950867e-03 -7.164745926856994629e-01
-6.906296014785766602e-01 -7.891756831668317318e-05 7.232086658477783203e-01
6.849238872528076172e-01 -4.794934939127415419e-04 7.286144495010375977e-01
-6.906228661537170410e-01 -2.700522600207477808e-04 -7.232150435447692871e-01
7.670921683311462402e-01 -5.797250778414309025e-04 -6.415365934371948242e-01
8.045561313629150391e-01 5.650258660316467285e-01 1.828530579805374146e-01
7.572153210639953613e-01 -5.686602592468261719e-01 3.213260769844055176e-01
-6.317537426948547363e-01 7.314598560333251953e-01 -2.566195726394653320e-01
-3.911243081092834473e-01 -9.065376520156860352e-01 -1.587807536125183105e-01
-8.315535783767700195e-01 -5.553020238876342773e-01 -1.258516497910022736e-02
5.998058319091796875e-01 -7.993626594543457031e-01 3.538626432418823242e-02
6.000381708145141602e-01 7.984777092933654785e-01 4.886415600776672363e-02
-8.321405053138732910e-01 5.544906258583068848e-01 9.070022031664848328e-03
5.141382217407226562e-01 7.161979675292968750e-01 4.719346761703491211e-01
4.228046536445617676e-01 -7.186879515647888184e-01 5.520180463790893555e-01
-3.663483262062072754e-01 7.133420109748840332e-01 -5.974379777908325195e-01
-4.429152607917785645e-01 -7.131808996200561523e-01 -5.433222651481628418e-01
4.566935002803802490e-01 8.892838954925537109e-01 2.460125461220741272e-02
2.480725198984146118e-01 -9.686461687088012695e-01 1.358579378575086594e-02
-2.843174338340759277e-01 8.004075288772583008e-01 -5.277418494224548340e-01
-2.641169130802154541e-01 -8.003819584846496582e-01 -5.381737351417541504e-01
2.356330603361129761e-01 7.167443633079528809e-01 6.563190221786499023e-01
1.171871945261955261e-01 -7.179611921310424805e-01 6.861478686332702637e-01
-1.447369605302810669e-01 5.667096972465515137e-01 8.111050128936767578e-01
-2.881458997726440430e-01 -5.668317675590515137e-01 7.717990279197692871e-01
-5.406184196472167969e-01 7.182816863059997559e-01 -4.379533529281616211e-01
-4.523943364620208740e-01 -7.183021306991577148e-01 -5.285653471946716309e-01
5.718834400177001953e-01 7.141794562339782715e-01 -4.036051332950592041e-01
4.824289083480834961e-01 -7.216364741325378418e-01 -4.964908063411712646e-01
-6.755107641220092773e-01 7.149766683578491211e-01 1.802592724561691284e-01
5.912641286849975586e-01 8.011993765830993652e-01 9.212169796228408813e-02
-6.950172185897827148e-01 -7.149418592453002930e-01 7.621952146291732788e-02
5.700296163558959961e-01 -8.060722947120666504e-01 1.591030061244964600e-01
-4.655126631259918213e-01 7.226924896240234375e-01 5.108947157859802246e-01
5.680573582649230957e-01 7.219151258468627930e-01 3.951574265956878662e-01
-5.644695758819580078e-01 -7.226610183715820312e-01 3.989173173904418945e-01
4.604761898517608643e-01 -7.262398600578308105e-01 5.104286074638366699e-01
-5.546436309814453125e-01 -8.069307208061218262e-01 -2.030599564313888550e-01
7.704741954803466797e-01 -6.183425784111022949e-01 -1.549900174140930176e-01
-5.797492265701293945e-01 8.069096207618713379e-01 -1.130829676985740662e-01
5.373296141624450684e-01 8.364697098731994629e-01 -1.076812669634819031e-01
2.379667460918426514e-01 8.098493814468383789e-01 -5.362050533294677734e-01
-2.041655629873275757e-01 6.176195740699768066e-01 -7.595145702362060547e-01
1.303573697805404663e-01 -8.102084994316101074e-01 -5.714622735977172852e-01
-1.395694017410278320e-01 -8.433718085289001465e-01 -5.188875198364257812e-01
2.470610290765762329e-01 7.180633544921875000e-01 6.506502628326416016e-01
-1.080675274133682251e-01 8.098031878471374512e-01 5.766629576683044434e-01
1.228730678558349609e-01 -7.190617322921752930e-01 6.839974522590637207e-01
-2.151018828153610229e-01 -8.098651170730590820e-01 5.457559823989868164e-01
-4.789093732833862305e-01 7.226756811141967773e-01 4.983831346035003662e-01
-4.663584828376770020e-01 -7.178460955619812012e-01 -5.169204473495483398e-01
5.755188465118408203e-01 7.219744920730590820e-01 3.840973675251007080e-01
4.912855327129364014e-01 -7.217870950698852539e-01 -4.875058531761169434e-01
-5.506306290626525879e-01 7.178466320037841797e-01 -4.260306358337402344e-01
-7.798441052436828613e-01 -5.635454058647155762e-01 -2.725062966346740723e-01
5.800783038139343262e-01 7.160139679908752441e-01 -3.883724212646484375e-01
7.752313017845153809e-01 -6.152909994125366211e-01 -1.429454833269119263e-01
-8.123894929885864258e-01 5.635284185409545898e-01 -1.498635560274124146e-01
-6.793961524963378906e-01 7.138554453849792480e-01 1.697979569435119629e-01
5.392220616340637207e-01 8.363209962844848633e-01 -9.902852773666381836e-02
8.231817483901977539e-01 5.538249611854553223e-01 1.250987797975540161e-01
-5.748432278633117676e-01 -7.226722240447998047e-01 3.837969005107879639e-01
-6.964563131332397461e-01 -7.138547301292419434e-01 7.321249693632125854e-02
4.730625748634338379e-01 -7.252492904663085938e-01 5.002251267433166504e-01
7.976381182670593262e-01 -5.637813210487365723e-01 2.142990529537200928e-01
3.422936499118804932e-01 -9.295133352279663086e-01 1.372584700584411621e-01
1.685960143804550171e-01 -8.265243768692016602e-01 -5.370594859123229980e-01
5.846958756446838379e-01 3.840372264385223389e-01 -7.145951986312866211e-01
7.667203545570373535e-01 6.060013771057128906e-01 2.119015306234359741e-01
-6.505239605903625488e-01 -7.593315243721008301e-01 1.530422829091548920e-02
-7.683984041213989258e-01 -4.547549188137054443e-01 -4.502909183502197266e-01
-3.343891799449920654e-01 8.433709144592285156e-01 -4.206058681011199951e-01
-9.185130000114440918e-01 3.084174692630767822e-01 -2.474118471145629883e-01
4.955625832080841064e-01 -8.684543967247009277e-01 1.430922653526067734e-02
8.781332969665527344e-01 4.779196381568908691e-01 2.178732119500637054e-02
-5.537568926811218262e-01 -8.326723575592041016e-01 -3.169273026287555695e-03
-8.004193305969238281e-01 5.993396639823913574e-01 -1.099115237593650818e-02
6.455574035644531250e-01 -7.318491935729980469e-01 -2.182944118976593018e-01
-8.100817799568176270e-01 -2.868592739105224609e-01 -5.113504528999328613e-01
6.043410897254943848e-01 7.966498136520385742e-01 1.099788770079612732e-02
-5.911020636558532715e-01 7.327188253402709961e-01 -3.372261226177215576e-01
2.782923281192779541e-01 -9.033448696136474609e-01 -3.263762295246124268e-01
-7.668305635452270508e-01 -5.061125755310058594e-01 3.947416841983795166e-01
6.315554380416870117e-01 5.517555475234985352e-01 -5.447049736976623535e-01
-6.440824270248413086e-01 7.089511752128601074e-01 2.873083353042602539e-01
7.776007056236267090e-01 6.273955106735229492e-01 4.137533903121948242e-02
-7.073999047279357910e-01 7.065417170524597168e-01 1.959904655814170837e-02
7.424983978271484375e-01 -6.687324643135070801e-01 3.864003717899322510e-02
-6.827405691146850586e-01 -7.009634375572204590e-01 -2.061929255723953247e-01
9.608188271522521973e-01 2.753100395202636719e-01 -3.211757168173789978e-02
-5.548810362815856934e-01 8.189472556114196777e-01 -1.463983058929443359e-01
5.228750705718994141e-01 -8.519867658615112305e-01 -2.683719806373119354e-02
-6.292063593864440918e-01 -7.149919271469116211e-01 -3.047718107700347900e-01
5.546562671661376953e-01 8.111994862556457520e-01 1.852347105741500854e-01
-5.544676780700683594e-01 8.321470022201538086e-01 -9.843041189014911652e-03
6.661021113395690918e-01 -7.210736274719238281e-01 1.906854063272476196e-01
-7.995644807815551758e-01 -5.988005399703979492e-01 -4.620073363184928894e-02
8.005510568618774414e-01 -5.975739955902099609e-01 4.498184472322463989e-02
5.450730323791503906e-01 8.383708000183105469e-01 -5.458229687064886093e-03
-7.996078133583068848e-01 -6.001834273338317871e-01 2.017919905483722687e-02
-5.583328008651733398e-01 8.295989632606506348e-01 5.478285253047943115e-03
-7.248868346214294434e-01 6.653838157653808594e-01 -1.783352941274642944e-01
6.572231650352478027e-01 6.561185121536254883e-01 -3.708991110324859619e-01
6.303753256797790527e-01 -7.607939839363098145e-01 1.543351858854293823e-01
-8.431919813156127930e-01 -5.371165871620178223e-01 -2.308634482324123383e-02
-8.037351369857788086e-01 5.948384404182434082e-01 -1.329819299280643463e-02
7.022708058357238770e-01 7.104305624961853027e-01 4.586939141154289246e-02
6.604185700416564941e-01 -7.501813173294067383e-01 3.279272094368934631e-02
-6.054122447967529297e-01 -7.956394553184509277e-01 -2.082760445773601532e-02
-6.216381788253784180e-01 7.103367447853088379e-01 3.301329314708709717e-01
-6.627868413925170898e-01 7.319146394729614258e-01 -1.581595838069915771e-01
-7.401590943336486816e-01 -5.965055227279663086e-01 -3.103959262371063232e-01
-7.054849863052368164e-01 -7.061210274696350098e-01 6.069554015994071960e-02
7.058193087577819824e-01 7.079403996467590332e-01 2.528837509453296661e-02
1.178978383541107178e-01 3.427659571170806885e-01 -9.319933652877807617e-01
3.544304147362709045e-02 -6.299091577529907227e-01 -7.758597731590270996e-01
9.136647582054138184e-01 -2.453171908855438232e-01 -3.240930438041687012e-01
-4.949142634868621826e-01 8.689368367195129395e-01 -2.927817637100815773e-03
-8.788779973983764648e-01 -4.768795669078826904e-01 -1.261940412223339081e-02
5.532098412513732910e-01 8.328956365585327148e-01 1.560899708420038223e-02
8.010070323944091797e-01 -5.983363986015319824e-01 1.952430792152881622e-02
-6.409600377082824707e-01 7.249574065208435059e-01 -2.522042095661163330e-01
7.815918326377868652e-01 2.844638228416442871e-01 -5.551528930664062500e-01
-4.797257184982299805e-01 -8.774109482765197754e-01 -3.640750888735055923e-03
6.478134393692016602e-01 -5.989691615104675293e-01 -4.707160294055938721e-01
-4.931445419788360596e-01 8.392043709754943848e-01 2.292257845401763916e-01
5.997999310493469238e-01 6.615933775901794434e-01 -4.500380754470825195e-01
-8.537325859069824219e-01 -3.874619603157043457e-01 3.478705883026123047e-01
4.848444759845733643e-01 -8.000644445419311523e-01 -3.533024489879608154e-01
-7.791087031364440918e-01 -6.265419721603393555e-01 2.085048332810401917e-02
7.070378661155700684e-01 -7.060725092887878418e-01 3.948438912630081177e-02
-6.265681982040405273e-01 7.792379856109619141e-01 1.415816415101289749e-02
7.996633648872375488e-01 5.585746765136718750e-01 -2.203017920255661011e-01
-8.791978955268859863e-01 -4.762232601642608643e-01 -1.491486094892024994e-02
6.352890133857727051e-01 -7.387903332710266113e-01 -2.249370664358139038e-01
-3.323737382888793945e-01 9.429615139961242676e-01 -1.874127425253391266e-02
6.401758790016174316e-01 6.305683255195617676e-01 -4.388146698474884033e-01
-5.547623634338378906e-01 -8.096625208854675293e-01 1.915340274572372437e-01
7.072252631187438965e-01 -7.067188024520874023e-01 1.951880753040313721e-02
-7.484151721000671387e-01 6.110724806785583496e-01 2.578085362911224365e-01
5.992665886878967285e-01 8.000479936599731445e-01 2.833314426243305206e-02
-7.086755633354187012e-01 7.048720121383666992e-01 3.056722320616245270e-02
-7.201685309410095215e-01 -6.926054358482360840e-01 4.068159312009811401e-02
7.065162658691406250e-01 7.073953151702880859e-01 2.065310813486576080e-02
7.066137790679931641e-01 -7.060190439224243164e-01 4.726652055978775024e-02
7.376078963279724121e-01 -6.470986604690551758e-01 -1.928680539131164551e-01
-4.561425745487213135e-01 -6.363706588745117188e-01 -6.220661997795104980e-01
-7.957783341407775879e-01 5.911983847618103027e-01 1.312299668788909912e-01
7.994382977485656738e-01 6.003355979919433594e-01 2.226039394736289978e-02
-6.647490859031677246e-01 7.172421813011169434e-01 2.089790403842926025e-01
-8.461693525314331055e-01 -4.618025422096252441e-01 2.659618556499481201e-01
5.060655474662780762e-01 8.166208267211914062e-01 -2.775394320487976074e-01
5.591995120048522949e-01 -8.165032863616943359e-01 -1.435910761356353760e-01
8.320838212966918945e-01 -5.545719861984252930e-01 9.298680350184440613e-03
-5.992069244384765625e-01 -7.992012500762939453e-01 4.720618575811386108e-02
-6.009549498558044434e-01 7.984925508499145508e-01 3.553407266736030579e-02
8.316551446914672852e-01 5.551823377609252930e-01 -1.105822622776031494e-02
6.782834529876708984e-01 -7.341291308403015137e-01 3.140168264508247375e-02
-7.525739669799804688e-01 -6.535840034484863281e-01 8.037546277046203613e-02
-7.045242786407470703e-01 7.072752714157104492e-01 5.837251245975494385e-02
7.061446905136108398e-01 7.075517773628234863e-01 2.702113799750804901e-02
-6.268931627273559570e-01 -6.339852809906005859e-01 4.528439640998840332e-01
7.072238326072692871e-01 -7.069317102432250977e-01 9.050510823726654053e-03
-5.352172851562500000e-01 7.526298165321350098e-01 3.835242092609405518e-01
7.063479423522949219e-01 7.072428464889526367e-01 2.966555394232273102e-02
-6.186026930809020996e-01 7.856418490409851074e-01 -9.879046119749546051e-03
7.062040567398071289e-01 7.079195976257324219e-01 1.121915318071842194e-02
-9.164682626724243164e-01 -4.000833034515380859e-01 -4.383428487926721573e-03
6.002067923545837402e-01 -7.997816205024719238e-01 1.006163936108350754e-02
-6.753464937210083008e-01 -5.697760581970214844e-01 4.682545959949493408e-01
7.071495652198791504e-01 -7.070638537406921387e-01 3.803249855991452932e-04
-4.535575211048126221e-01 8.306874632835388184e-01 3.228681981563568115e-01
7.062419056892395020e-01 7.075728774070739746e-01 2.372658066451549530e-02
-5.182988047599792480e-01 7.167641520500183105e-01 4.664927124977111816e-01
-4.249782264232635498e-01 -7.192883491516113281e-01 5.495614409446716309e-01
3.695175647735595703e-01 7.139576077461242676e-01 -5.947448611259460449e-01
4.490296840667724609e-01 -7.137336730957031250e-01 -5.375469326972961426e-01
-4.566589295864105225e-01 8.893009424209594727e-01 2.462449483573436737e-02
-2.480504512786865234e-01 -9.686516523361206055e-01 1.359820179641246796e-02
2.843095064163208008e-01 8.004078269004821777e-01 -5.277456045150756836e-01
2.641142010688781738e-01 -8.003732562065124512e-01 -5.381879806518554688e-01
-2.356331348419189453e-01 7.167443633079528809e-01 6.563190221786499023e-01
-1.171873286366462708e-01 -7.179611921310424805e-01 6.861478686332702637e-01
1.447543799877166748e-01 5.667128562927246094e-01 8.110996484756469727e-01
2.881809771060943604e-01 -5.668349266052246094e-01 7.717835903167724609e-01
5.406184196472167969e-01 7.182816863059997559e-01 -4.379533529281616211e-01
4.523943364620208740e-01 -7.183021306991577148e-01 -5.285653471946716309e-01
-5.718834400177001953e-01 7.141794562339782715e-01 -4.036051332950592041e-01
-4.824289083480834961e-01 -7.216364741325378418e-01 -4.964908063411712646e-01
6.755123734474182129e-01 7.149790525436401367e-01 1.802446395158767700e-01
-5.912619829177856445e-01 8.011978268623352051e-01 9.214774519205093384e-02
6.950181126594543457e-01 -7.149440050125122070e-01 7.618928700685501099e-02
-5.700280666351318359e-01 -8.060708045959472656e-01 1.591156870126724243e-01
4.655390083789825439e-01 7.226892113685607910e-01 5.108755826950073242e-01
-5.680573582649230957e-01 7.219151258468627930e-01 3.951574265956878662e-01
5.644811987876892090e-01 -7.226576209068298340e-01 3.989070355892181396e-01
-4.604761898517608643e-01 -7.262398600578308105e-01 5.104286074638366699e-01
5.546417236328125000e-01 -8.069287538528442383e-01 -2.030723541975021362e-01
-7.704769968986511230e-01 -6.183456182479858398e-01 -1.549645811319351196e-01
5.797468423843383789e-01 8.069076538085937500e-01 -1.131085008382797241e-01
-5.373301506042480469e-01 8.364716768264770508e-01 -1.076632514595985413e-01
-2.379814386367797852e-01 8.098641633987426758e-01 -5.361761450767517090e-01
2.041297703981399536e-01 6.176156997680664062e-01 -7.595273852348327637e-01
-1.303832679986953735e-01 -8.101999163627624512e-01 -5.714685320854187012e-01
1.395466476678848267e-01 -8.433683514595031738e-01 -5.188993811607360840e-01
-2.470845282077789307e-01 7.180469632148742676e-01 6.506595015525817871e-01
1.080675274133682251e-01 8.098031878471374512e-01 5.766629576683044434e-01
-1.228899061679840088e-01 -7.190651297569274902e-01 6.839908361434936523e-01
2.151018828153610229e-01 -8.098651170730590820e-01 5.457559823989868164e-01
4.789093732833862305e-01 7.226756811141967773e-01 4.983831346035003662e-01
4.663003683090209961e-01 -7.178431749343872070e-01 -5.169770717620849609e-01
-5.755459070205688477e-01 7.219198346138000488e-01 3.841595947742462158e-01
-4.913430213928222656e-01 -7.217721939086914062e-01 -4.874698221683502197e-01
5.505725741386413574e-01 7.178436517715454102e-01 -4.261106848716735840e-01
7.798095941543579102e-01 -5.635519027709960938e-01 -2.725917398929595947e-01
-5.801251530647277832e-01 7.159851193428039551e-01 -3.883555233478546143e-01
-7.751848697662353516e-01 -6.153629422187805176e-01 -1.428869664669036865e-01
8.123770356178283691e-01 5.635348558425903320e-01 -1.499064415693283081e-01
6.793961524963378906e-01 7.138554453849792480e-01 1.697979569435119629e-01
-5.392950773239135742e-01 8.362749814987182617e-01 -9.901982545852661133e-02
-8.232176899909973145e-01 5.537651777267456055e-01 1.251268535852432251e-01
5.748432278633117676e-01 -7.226722240447998047e-01 3.837969005107879639e-01
6.964563131332397461e-01 -7.138547301292419434e-01 7.321249693632125854e-02
-4.730222523212432861e-01 -7.252897620201110840e-01 5.002048015594482422e-01
-7.975898981094360352e-01 -5.638374686241149902e-01 2.143306285142898560e-01
5.949717760086059570e-01 6.857019066810607910e-01 4.193106293678283691e-01
-7.068318128585815430e-01 7.073785662651062012e-01 2.077042590826749802e-03
5.204024910926818848e-01 -7.839612960815429688e-01 3.385054469108581543e-01
-8.016965985298156738e-01 -5.926883220672607422e-01 -7.747944444417953491e-02
5.348094105720520020e-01 -7.882478237152099609e-01 3.043753802776336670e-01
-7.084078192710876465e-01 -7.049158811569213867e-01 -3.538241237401962280e-02
6.256985664367675781e-01 6.352649927139282227e-01 4.527026712894439697e-01
-7.072398662567138672e-01 7.068666815757751465e-01 1.230165176093578339e-02
6.281806230545043945e-01 6.378560066223144531e-01 4.455657005310058594e-01
-7.073405385017395020e-01 7.068253755569458008e-01 8.196996524930000305e-03
5.556821823120117188e-01 -7.674323320388793945e-01 3.197890222072601318e-01
-7.309137582778930664e-01 -6.817585825920104980e-01 -3.114927746355533600e-02
6.207358241081237793e-01 -7.783159017562866211e-01 -9.439980983734130859e-02
4.624846875667572021e-01 -8.686473369598388672e-01 -1.776502728462219238e-01
4.269552230834960938e-01 -8.767489194869995117e-01 -2.214057594537734985e-01
3.947095870971679688e-01 -8.880436420440673828e-01 -2.357601374387741089e-01
3.639616668224334717e-01 -8.999786376953125000e-01 -2.399380356073379517e-01
3.221080005168914795e-01 -9.122073054313659668e-01 -2.532277107238769531e-01
-7.882725000381469727e-01 -6.146474480628967285e-01 2.889576181769371033e-02
-7.754946351051330566e-01 -6.199015974998474121e-01 1.197078973054885864e-01
-7.605934739112854004e-01 -6.190594434738159180e-01 1.956092864274978638e-01
-7.483898997306823730e-01 -6.130369305610656738e-01 2.531763911247253418e-01
-7.390889525413513184e-01 -5.989751815795898438e-01 3.081823587417602539e-01
-7.254163026809692383e-01 -5.649596452713012695e-01 3.931815922260284424e-01
6.973365545272827148e-01 5.476534962654113770e-01 -4.623823165893554688e-01
7.224227786064147949e-01 5.574692487716674805e-01 -4.090639948844909668e-01
7.328510284423828125e-01 5.750366449356079102e-01 -3.636786341667175293e-01
7.484455704689025879e-01 5.926672220230102539e-01 -2.976154088973999023e-01
7.696009278297424316e-01 6.084305047988891602e-01 -1.937182396650314331e-01
6.046319007873535156e-01 7.933295369148254395e-01 -7.105309516191482544e-02
-6.127845644950866699e-01 7.077620625495910645e-01 3.515223860740661621e-01
-6.482160687446594238e-01 7.072570919990539551e-01 2.821405529975891113e-01
-6.657516360282897949e-01 7.071306705474853516e-01 2.382034957408905029e-01
-6.799516081809997559e-01 7.072172760963439941e-01 1.936733871698379517e-01
-6.960582137107849121e-01 7.055459618568420410e-01 1.330706179141998291e-01
-7.054331898689270020e-01 7.067094445228576660e-01 5.409036204218864441e-02
-5.143123269081115723e-01 8.576016426086425781e-01 1.556844334118068218e-03
-5.011647939682006836e-01 8.638575673103332520e-01 5.083261802792549133e-02
-4.785357117652893066e-01 8.732015490531921387e-01 9.231793880462646484e-02
-4.488225579261779785e-01 8.852336406707763672e-01 1.221461668610572815e-01
-4.140477776527404785e-01 8.985097408294677734e-01 1.457557529211044312e-01
-3.675923049449920654e-01 9.141056537628173828e-01 1.711335182189941406e-01
7.886553406715393066e-01 6.092718839645385742e-01 -8.252705633640289307e-02
7.649106383323669434e-01 6.128274202346801758e-01 -1.983788013458251953e-01
7.340742945671081543e-01 6.133795380592346191e-01 -2.913767695426940918e-01
7.090120315551757812e-01 6.135230660438537598e-01 -3.476945161819458008e-01
6.909136176109313965e-01 6.117498874664306641e-01 -3.852277696132659912e-01
6.695507764816284180e-01 6.011845469474792480e-01 -4.362099468708038330e-01
-7.241458296775817871e-01 -5.429547429084777832e-01 4.252209961414337158e-01
-7.670114636421203613e-01 -5.453833341598510742e-01 3.380092084407806396e-01
-7.801861763000488281e-01 -5.579829812049865723e-01 2.827801406383514404e-01
-7.838613390922546387e-01 -5.768127441406250000e-01 2.298878282308578491e-01
-7.865966558456420898e-01 -5.958157181739807129e-01 1.620778888463973999e-01
-7.871874570846557617e-01 -6.120304465293884277e-01 7.585976272821426392e-02
5.768217444419860840e-01 -7.076884508132934570e-01 -4.079874455928802490e-01
6.118152737617492676e-01 -7.073948383331298828e-01 -3.539414405822753906e-01
6.305676102638244629e-01 -7.075130939483642578e-01 -3.190763294696807861e-01
6.507198810577392578e-01 -7.077528834342956543e-01 -2.750445902347564697e-01
6.781640052795410156e-01 -7.062211036682128906e-01 -2.033355385065078735e-01
6.993566751480102539e-01 -7.070807814598083496e-01 -1.045797839760780334e-01
