-8.782880902290344238e-01 -4.756734073162078857e-01 -4.842314869165420532e-02
8.789036273956298828e-01 -4.758003056049346924e-01 -3.380186483263969421e-02
-2.489693288225680590e-04 -3.959966599941253662e-01 9.182519316673278809e-01
9.304433478973805904e-04 -9.999363422393798828e-01 1.124706491827964783e-02
-4.453067108988761902e-02 4.234831333160400391e-01 -9.048088192939758301e-01
2.868081210181117058e-03 9.999327063560485840e-01 1.124386861920356750e-02
6.200536340475082397e-02 5.232784678810276091e-05 -9.980758428573608398e-01
6.021797307766973972e-04 3.689773678779602051e-01 9.294382333755493164e-01
8.946742415428161621e-01 4.454576075077056885e-01 -3.354863822460174561e-02
-8.945857882499694824e-01 4.442861080169677734e-01 -4.822989180684089661e-02
-4.613156616687774658e-02 -4.545857608318328857e-01 -8.895075321197509766e-01
-3.707002615556120872e-04 8.104574789058460738e-08 9.999999403953552246e-01
9.902912974357604980e-01 2.098786353599280119e-04 1.390079408884048462e-01
-9.923519492149353027e-01 0.000000000000000000e+00 1.234407052397727966e-01
-7.095298171043395996e-01 -3.737403154373168945e-01 5.973990559577941895e-01
-4.632138311862945557e-01 8.861982226371765137e-01 9.254503063857555389e-03
2.499782014638185501e-03 8.685886263847351074e-01 4.955276250839233398e-01
-4.315916895866394043e-01 -9.020193815231323242e-01 9.468303062021732330e-03
6.992166745476424694e-04 -8.856069445610046387e-01 4.644351005554199219e-01
-6.157720685005187988e-01 4.460740983486175537e-01 -6.494941115379333496e-01
1.339760841801762581e-03 -8.917654752731323242e-01 -4.524958729743957520e-01
3.430150914937257767e-03 8.748317360877990723e-01 -4.844148457050323486e-01
7.040987610816955566e-01 -3.722074925899505615e-01 6.047368645668029785e-01
4.650169014930725098e-01 8.851497173309326172e-01 1.640587858855724335e-02
4.321466684341430664e-01 -9.016517400741577148e-01 1.653786376118659973e-02
5.666024684906005859e-01 3.590126335620880127e-01 -7.416681051254272461e-01
-7.149965167045593262e-01 3.511997461318969727e-01 6.045151948928833008e-01
-6.900144815444946289e-01 1.883697251514604432e-07 -7.237955927848815918e-01
7.100198864936828613e-01 3.505040407180786133e-01 6.107525229454040527e-01
7.477818727493286133e-01 1.280675787711516023e-04 -6.639444828033447266e-01
1.300184288993477821e-03 1.552041358081623912e-04 -9.999991655349731445e-01
-2.477221132721751928e-04 4.493092274060472846e-05 9.999999403953552246e-01
9.997957348823547363e-01 1.968797994777560234e-03 2.011437155306339264e-02
-9.999920725822448730e-01 0.000000000000000000e+00 3.996171522885560989e-03
-5.636111497879028320e-01 2.394771399849560112e-05 8.260402083396911621e-01
5.594396591186523438e-01 7.259233825607225299e-05 8.288711309432983398e-01
-6.060523986816406250e-01 -4.740105569362640381e-01 -6.387602090835571289e-01
5.585401654243469238e-01 -3.812392055988311768e-01 -7.366745471954345703e-01
4.458245635032653809e-02 -8.934285870054736733e-05 -9.990056753158569336e-01
-4.331986710894852877e-04 -2.248834607598837465e-05 9.999999403953552246e-01
9.997954964637756348e-01 -7.625055150128901005e-04 2.020796947181224823e-02
-9.999921321868896484e-01 -6.687515997327864170e-04 3.898801980540156364e-03
-3.814260363578796387e-01 8.237914443016052246e-01 4.193827509880065918e-01
-3.548844754695892334e-01 -8.488866686820983887e-01 3.917250335216522217e-01
-3.550198078155517578e-01 -8.548553586006164551e-01 -3.783955872058868408e-01
-3.815663456916809082e-01 8.299065828323364258e-01 -4.070161283016204834e-01
3.830612599849700928e-01 8.210522532463073730e-01 4.232459962368011475e-01
3.543451726436614990e-01 -8.469492197036743164e-01 3.963794112205505371e-01
3.567816317081451416e-01 -8.566287159919738770e-01 -3.726851940155029297e-01
3.859397470951080322e-01 8.312560319900512695e-01 -4.000799059867858887e-01
-6.902506351470947266e-01 -4.256504689692519605e-05 7.235703468322753906e-01
-6.900462508201599121e-01 0.000000000000000000e+00 -7.237652540206909180e-01
6.847478747367858887e-01 9.868993656709790230e-04 7.287793755531311035e-01
6.973367333412170410e-01 1.470278948545455933e-03 -7.167420983314514160e-01
-6.903395056724548340e-01 -1.405298389727249742e-04 7.234855294227600098e-01
6.845698356628417969e-01 -4.781597526744008064e-04 7.289470434188842773e-01
-6.901857852935791016e-01 -3.791059134528040886e-04 -7.236321568489074707e-01
7.668445110321044922e-01 -7.339852745644748211e-04 -6.418325304985046387e-01
8.023999333381652832e-01 5.652136802673339844e-01 1.915409415960311890e-01
7.527759671211242676e-01 -5.691716670989990234e-01 3.307144641876220703e-01
-4.976977705955505371e-01 8.166398406028747559e-01 -2.922263741493225098e-01
-5.536320805549621582e-01 -8.158685564994812012e-01 -1.668836772441864014e-01
-5.537293553352355957e-01 -8.326758742332458496e-01 -5.892227869480848312e-03
7.063670754432678223e-01 -7.071103453636169434e-01 3.225700184702873230e-02
7.061010599136352539e-01 7.075243592262268066e-01 2.882233820855617523e-02
-7.998343110084533691e-01 6.001918315887451172e-01 -5.900511983782052994e-03
5.077089071273803711e-01 7.159265279769897461e-01 4.792503714561462402e-01
4.165100455284118652e-01 -7.183952927589416504e-01 5.571600794792175293e-01
-3.626399934291839600e-01 7.131574749946594238e-01 -5.999155640602111816e-01
-4.383320510387420654e-01 -7.129268050193786621e-01 -5.473576784133911133e-01
4.557429254055023193e-01 8.896604776382446289e-01 2.832927554845809937e-02
2.474367767572402954e-01 -9.687764048576354980e-01 1.572550833225250244e-02
-2.808419764041900635e-01 8.003847002983093262e-01 -5.296339392662048340e-01
-2.612804472446441650e-01 -8.003708720207214355e-01 -5.395729541778564453e-01
2.344551384449005127e-01 7.166467905044555664e-01 6.568471789360046387e-01
1.166076436638832092e-01 -7.178437113761901855e-01 6.863695383071899414e-01
-1.448455601930618286e-01 5.667337775230407715e-01 8.110687732696533203e-01
-2.883808016777038574e-01 -5.668543577194213867e-01 7.716947197914123535e-01
-5.349307060241699219e-01 7.179573774337768555e-01 -4.454057812690734863e-01
-4.470366537570953369e-01 -7.179703712463378906e-01 -5.335509777069091797e-01
5.766679048538208008e-01 7.144464254379272461e-01 -3.962578773498535156e-01
4.868631064891815186e-01 -7.220904231071472168e-01 -4.914771318435668945e-01
-6.683837771415710449e-01 7.094792127609252930e-01 2.233885228633880615e-01
5.757201313972473145e-01 7.979680299758911133e-01 1.783064901828765869e-01
-6.845102310180664062e-01 -7.094411253929138184e-01 1.677472293376922607e-01
5.606594681739807129e-01 -8.027888536453247070e-01 2.029554843902587891e-01
-4.662877917289733887e-01 7.229120135307312012e-01 5.098764300346374512e-01
5.660989880561828613e-01 7.217500209808349609e-01 3.982574939727783203e-01
-5.656661987304687500e-01 -7.228797674179077148e-01 3.968208134174346924e-01
4.586387276649475098e-01 -7.260239124298095703e-01 5.123863816261291504e-01
-6.392734646797180176e-01 -7.098441720008850098e-01 -2.957205772399902344e-01
6.605545878410339355e-01 -7.155115008354187012e-01 -2.274002134799957275e-01
-6.629539728164672852e-01 7.098276615142822266e-01 -2.379850298166275024e-01
6.891835927963256836e-01 7.041687369346618652e-01 -1.707990318536758423e-01
2.414014488458633423e-01 8.101924657821655273e-01 -5.341476202011108398e-01
-2.002497315406799316e-01 6.170508265495300293e-01 -7.610178589820861816e-01
1.321091204881668091e-01 -8.105444908142089844e-01 -5.705828070640563965e-01
-1.369519978761672974e-01 -8.429817557334899902e-01 -5.202172398567199707e-01
2.459886223077774048e-01 7.179681062698364258e-01 6.511615514755249023e-01
-1.080927625298500061e-01 8.098467588424682617e-01 5.765970945358276367e-01
1.224253177642822266e-01 -7.188814878463745117e-01 6.842672228813171387e-01
-2.152693420648574829e-01 -8.098829984664916992e-01 5.456634759902954102e-01
-4.798156321048736572e-01 7.229582071304321289e-01 4.970999956130981445e-01
-4.601892530918121338e-01 -7.176133990287780762e-01 -5.227398276329040527e-01
5.733184814453125000e-01 7.215965390205383301e-01 3.880778551101684570e-01
4.968310594558715820e-01 -7.221336960792541504e-01 -4.813333749771118164e-01
-5.446384549140930176e-01 7.176117897033691406e-01 -4.340531826019287109e-01
-6.442627310752868652e-01 -7.097275853157043457e-01 -2.849777936935424805e-01
5.852867364883422852e-01 7.161399126052856445e-01 -3.802408277988433838e-01
6.677975058555603027e-01 -7.139888405799865723e-01 -2.103961259126663208e-01
-6.665518879890441895e-01 7.097325921058654785e-01 -2.280094027519226074e-01
-6.732654571533203125e-01 7.090569734573364258e-01 2.096468508243560791e-01
6.917694807052612305e-01 7.052223682403564453e-01 -1.552941352128982544e-01
8.004656434059143066e-01 5.499119162559509277e-01 2.384359091520309448e-01
-5.762937664985656738e-01 -7.229601740837097168e-01 3.810697197914123535e-01
-6.870413422584533691e-01 -7.090500593185424805e-01 1.588146537542343140e-01
4.710392057895660400e-01 -7.250099778175354004e-01 5.024765133857727051e-01
7.824431061744689941e-01 -5.599542856216430664e-01 2.724590599536895752e-01
3.429690301418304443e-01 -9.290307164192199707e-01 1.388316750526428223e-01
5.627890229225158691e-01 -8.264423012733459473e-01 -1.617328450083732605e-02
8.665046691894531250e-01 3.841222822666168213e-01 3.187786042690277100e-01
7.701898813247680664e-01 6.019178032875061035e-01 2.109558731317520142e-01
-6.505334973335266113e-01 -7.593262195587158203e-01 1.515841484069824219e-02
1.746326833963394165e-01 -4.548280239105224609e-01 -8.732897043228149414e-01
2.882435321807861328e-01 8.432511687278747559e-01 -4.536993503570556641e-01
-9.212136864662170410e-01 2.995488643646240234e-01 -2.482656985521316528e-01
4.955780804157257080e-01 -8.684560656547546387e-01 1.365584786981344223e-02
8.781418800354003906e-01 4.778969287872314453e-01 2.194190211594104767e-02
-5.538182854652404785e-01 -8.326284885406494141e-01 -3.898077178746461868e-03
-8.004449009895324707e-01 5.993041992187500000e-01 -1.106267608702182770e-02
6.457458138465881348e-01 -7.318998575210571289e-01 -2.175661176443099976e-01
-8.094411492347717285e-01 -2.865246236324310303e-01 -5.125511288642883301e-01
6.042985916137695312e-01 7.966599464416503906e-01 1.249351631850004196e-02
-5.907627344131469727e-01 7.326266765594482422e-01 -3.380200564861297607e-01
6.116570234298706055e-01 -7.191500663757324219e-01 3.296950459480285645e-01
-4.884961247444152832e-01 -6.958124041557312012e-01 -5.265136957168579102e-01
7.208690047264099121e-01 5.537903904914855957e-01 4.167302250862121582e-01
-4.708128273487091064e-01 7.075648307800292969e-01 -5.269604921340942383e-01
7.774779796600341797e-01 6.274564266204833984e-01 4.273759201169013977e-02
-7.074741721153259277e-01 7.064905166625976562e-01 1.874773018062114716e-02
7.425943613052368164e-01 -6.686407923698425293e-01 3.838006407022476196e-02
-6.825972795486450195e-01 -7.007218003273010254e-01 -2.074845880270004272e-01
8.817419409751892090e-01 4.714288711547851562e-01 -1.691229455173015594e-02
-6.272239685058593750e-01 7.168557047843933105e-01 -3.044798076152801514e-01
3.482933044433593750e-01 -9.322760701179504395e-01 -9.773977845907211304e-02
-6.612930893898010254e-01 -6.150873303413391113e-01 -4.293707907199859619e-01
5.547289252281188965e-01 8.114546537399291992e-01 1.838947087526321411e-01
-5.545809268951416016e-01 8.320423960685729980e-01 -1.205533184111118317e-02
6.661407947540283203e-01 -7.210269570350646973e-01 1.907262206077575684e-01
-7.994721531867980957e-01 -5.989330410957336426e-01 -4.608142003417015076e-02
7.079005241394042969e-01 -7.052742242813110352e-01 3.827711567282676697e-02
4.486091732978820801e-01 8.925635218620300293e-01 4.560819268226623535e-02
-8.943275809288024902e-01 -4.470748603343963623e-01 1.738739944994449615e-02
-7.060826420783996582e-01 7.072239518165588379e-01 3.579961881041526794e-02
-7.336345314979553223e-01 6.574649214744567871e-01 -1.718145012855529785e-01
3.507340252399444580e-01 7.996569871902465820e-01 -4.873749315738677979e-01
7.502217888832092285e-01 -6.431336998939514160e-01 1.534481644630432129e-01
-8.431590199470520020e-01 -5.371752977371215820e-01 -2.292687445878982544e-02
-8.003680109977722168e-01 5.992025136947631836e-01 1.916204020380973816e-02
7.964814901351928711e-01 6.003584861755371094e-01 7.202076911926269531e-02
4.750013053417205811e-01 -8.799538016319274902e-01 7.433647289872169495e-03
-6.053978800773620605e-01 -7.956501245498657227e-01 -2.083982527256011963e-02
-6.212667226791381836e-01 7.103739976882934570e-01 3.307514190673828125e-01
-6.690782308578491211e-02 7.319088578224182129e-01 -6.781097054481506348e-01
5.182605981826782227e-02 -5.965541005134582520e-01 -8.008977770805358887e-01
-7.080150842666625977e-01 -7.036587595939636230e-01 5.982450023293495178e-02
7.059015631675720215e-01 7.078561782836914062e-01 2.534939907491207123e-02
9.194023013114929199e-01 3.427383303642272949e-01 -1.929505318403244019e-01
7.450150251388549805e-01 -6.297919750213623047e-01 -2.198060154914855957e-01
9.145088791847229004e-01 -2.430432736873626709e-01 -3.234246075153350830e-01
-4.949390590190887451e-01 8.689230680465698242e-01 -2.833295147866010666e-03
-8.788855671882629395e-01 -4.768795371055603027e-01 -1.208380330353975296e-02
5.532422065734863281e-01 8.328831195831298828e-01 1.512774825096130371e-02
8.010335564613342285e-01 -5.983245372772216797e-01 1.878901943564414978e-02
-6.409561038017272949e-01 7.247170805931091309e-01 -2.529042661190032959e-01
7.816984653472900391e-01 2.843919992446899414e-01 -5.550394654273986816e-01
-4.797206223011016846e-01 -8.774092197418212891e-01 -4.607454407960176468e-03
6.477811336517333984e-01 -5.991523265838623047e-01 -4.705274701118469238e-01
-1.112266927957534790e-01 9.690124392509460449e-01 -2.205526232719421387e-01
5.912838578224182129e-01 6.868044734001159668e-01 4.227091372013092041e-01
-5.805868506431579590e-01 -4.308818280696868896e-01 -6.908398866653442383e-01
6.423639059066772461e-01 -6.000927090644836426e-01 4.767150580883026123e-01
-7.791709303855895996e-01 -6.264830827713012695e-01 2.028905041515827179e-02
7.070423960685729980e-01 -7.060810923576354980e-01 3.925059735774993896e-02
-6.264568567276000977e-01 7.793093323707580566e-01 1.512051559984683990e-02
7.995885610580444336e-01 5.582959055900573730e-01 -2.212776392698287964e-01
-9.561284184455871582e-01 -2.664810419082641602e-01 -1.216805204749107361e-01
5.340644121170043945e-01 -8.277941942214965820e-01 -1.718492060899734497e-01
-5.085998773574829102e-01 8.514745831489562988e-01 -1.277383565902709961e-01
5.852949619293212891e-01 7.140564322471618652e-01 -3.841266334056854248e-01
-5.544900894165039062e-01 -8.095401525497436523e-01 1.928354203701019287e-01
7.072345614433288574e-01 -7.066748142242431641e-01 2.073919400572776794e-02
-7.482974529266357422e-01 6.111435890197753906e-01 2.579815089702606201e-01
5.992506742477416992e-01 8.000763058662414551e-01 2.786543220281600952e-02
-6.012116074562072754e-01 7.987098693847656250e-01 2.464278787374496460e-02
-6.014556884765625000e-01 -7.969352006912231445e-01 5.608376860618591309e-02
8.318133354187011719e-01 5.547935962677001953e-01 1.705018244683742523e-02
8.319432139396667480e-01 -5.538529753684997559e-01 3.342751786112785339e-02
7.745341658592224121e-01 -6.061941385269165039e-01 -1.806253343820571899e-01
-3.813394308090209961e-01 -6.572483181953430176e-01 -6.500807404518127441e-01
-7.953651547431945801e-01 5.917651653289794922e-01 1.311800032854080200e-01
7.994060516357421875e-01 6.003693938255310059e-01 2.250890992581844330e-02
-8.039334416389465332e-01 5.643258690834045410e-01 1.876893341541290283e-01
-7.549024820327758789e-01 -5.682833194732666016e-01 3.273778855800628662e-01
3.907260000705718994e-01 9.049706459045410156e-01 -1.684082299470901489e-01
6.297208666801452637e-01 -7.285696268081665039e-01 -2.695142924785614014e-01
7.073304653167724609e-01 -7.068422436714172363e-01 7.588212843984365463e-03
-7.980647087097167969e-01 -6.015238761901855469e-01 3.551990911364555359e-02
-5.549779534339904785e-01 8.315385580062866211e-01 2.330448292195796967e-02
7.063893079757690430e-01 7.075269222259521484e-01 -2.048550732433795929e-02
7.056171298027038574e-01 -7.066335082054138184e-01 5.266450345516204834e-02
-7.060903906822204590e-01 -7.003674507141113281e-01 1.045077368617057800e-01
-7.047535777091979980e-01 7.070484161376953125e-01 5.835192650556564331e-02
7.061560750007629395e-01 7.075381875038146973e-01 2.708099223673343658e-02
-6.261775493621826172e-01 -6.340426206588745117e-01 4.537529349327087402e-01
7.072212696075439453e-01 -7.069258689880371094e-01 9.680412709712982178e-03
-5.345961451530456543e-01 7.523924708366394043e-01 3.848538398742675781e-01
7.062783241271972656e-01 7.072483897209167480e-01 3.115387447178363800e-02
-6.186351776123046875e-01 7.856054306030273438e-01 -1.070311106741428375e-02
7.061936259269714355e-01 7.079421281814575195e-01 1.041254308074712753e-02
-9.164395332336425781e-01 -4.001489281654357910e-01 -4.418487660586833954e-03
6.002566814422607422e-01 -7.997440695762634277e-01 1.006087381392717361e-02
-6.747454404830932617e-01 -5.699017643928527832e-01 4.689675867557525635e-01
7.071469426155090332e-01 -7.070665955543518066e-01 3.023164172191172838e-04
-4.532001614570617676e-01 8.306493759155273438e-01 3.234674930572509766e-01
7.062714695930480957e-01 7.075426578521728516e-01 2.374856360256671906e-02
-5.108036398887634277e-01 7.164185643196105957e-01 4.752095341682434082e-01
-4.176664650440216064e-01 -7.189514636993408203e-01 5.555748939514160156e-01
4.591900706291198730e-01 6.080605387687683105e-01 -6.476163268089294434e-01
3.162892460823059082e-01 -8.372324109077453613e-01 -4.460975825786590576e-01
-4.557209312915802002e-01 8.896506428718566895e-01 2.898640558123588562e-02
-2.474300116300582886e-01 -9.687725305557250977e-01 1.607183180749416351e-02
2.803341448307037354e-01 8.003798723220825195e-01 -5.299101471900939941e-01
2.608860731124877930e-01 -8.003661036491394043e-01 -5.397708415985107422e-01
-2.343245744705200195e-01 7.166173458099365234e-01 6.569259166717529297e-01
-1.165457144379615784e-01 -7.178319692611694336e-01 6.863923072814941406e-01
1.449326574802398682e-01 5.667495727539062500e-01 8.110422492027282715e-01
2.885549962520599365e-01 -5.668700337409973145e-01 7.716180682182312012e-01
5.351687669754028320e-01 7.180756926536560059e-01 -4.449289143085479736e-01
4.468148350715637207e-01 -7.180888056755065918e-01 -5.335775613784790039e-01
-5.764908790588378906e-01 7.143236398696899414e-01 -3.967367112636566162e-01
-4.872321784496307373e-01 -7.219077348709106445e-01 -4.913796484470367432e-01
6.702005267143249512e-01 7.100993394851684570e-01 2.158474177122116089e-01
-5.793777108192443848e-01 7.983775734901428223e-01 1.640570163726806641e-01
6.873110532760620117e-01 -7.100594043731689453e-01 1.530329287052154541e-01
-5.624425411224365234e-01 -8.032078146934509277e-01 1.962541788816452026e-01
4.665367603302001953e-01 7.229417562484741211e-01 5.096064209938049316e-01
-5.658427476882934570e-01 7.216654419898986816e-01 3.987742662429809570e-01
5.659372210502624512e-01 -7.229093313217163086e-01 3.963800072669982910e-01
-4.583433866500854492e-01 -7.260308265686035156e-01 5.126407742500305176e-01
6.414862275123596191e-01 -7.103291749954223633e-01 -2.897030711174011230e-01
-6.625196337699890137e-01 -7.165925502777099609e-01 -2.180890738964080811e-01
6.663699150085449219e-01 7.103112339973449707e-01 -2.267356663942337036e-01
-6.929304003715515137e-01 7.051603794097900391e-01 -1.503202915191650391e-01
-2.420723140239715576e-01 8.102612495422363281e-01 -5.337394475936889648e-01
1.996564716100692749e-01 6.169587373733520508e-01 -7.612484693527221680e-01
-1.324480772018432617e-01 -8.106167316436767578e-01 -5.704016089439392090e-01
1.365575045347213745e-01 -8.429229855537414551e-01 -5.204160213470458984e-01
-2.458894103765487671e-01 7.179583311080932617e-01 6.512097120285034180e-01
1.081248670816421509e-01 8.098531365394592285e-01 5.765820741653442383e-01
-1.223757117986679077e-01 -7.188714146614074707e-01 6.842864751815795898e-01
2.153336405754089355e-01 -8.098894357681274414e-01 5.456285476684570312e-01
4.800447523593902588e-01 7.230151891708374023e-01 4.967957437038421631e-01
4.592604339122772217e-01 -7.175871133804321289e-01 -5.235918760299682617e-01
-5.729646086692810059e-01 7.215746641159057617e-01 3.886405825614929199e-01
-4.978393316268920898e-01 -7.221658825874328613e-01 -4.802419245243072510e-01
5.437740087509155273e-01 7.175855636596679688e-01 -4.351790249347686768e-01
6.459674239158630371e-01 -7.104158401489257812e-01 -2.793480753898620605e-01
-5.861551165580749512e-01 7.161974310874938965e-01 -3.787921369075775146e-01
-6.699448227882385254e-01 -7.146124839782714844e-01 -2.012538164854049683e-01
6.701276898384094238e-01 7.104192972183227539e-01 -2.150192409753799438e-01
6.751363873481750488e-01 7.096562981605529785e-01 2.014421373605728149e-01
-6.946397423744201660e-01 7.059483528137207031e-01 -1.382483392953872681e-01
-8.048587441444396973e-01 5.504388809204101562e-01 2.218544036149978638e-01
5.766102075576782227e-01 -7.230170965194702148e-01 3.804825842380523682e-01
6.898798942565917969e-01 -7.096477746963500977e-01 1.430586576461791992e-01
-4.707824587821960449e-01 -7.249515652656555176e-01 5.028013586997985840e-01
-7.848075032234191895e-01 -5.602872967720031738e-01 2.648684084415435791e-01
5.947760939598083496e-01 6.856882572174072266e-01 4.196104109287261963e-01
-7.068002820014953613e-01 7.074099779129028320e-01 2.121574012562632561e-03
5.204991102218627930e-01 -7.835440635681152344e-01 3.393218219280242920e-01
-8.009545803070068359e-01 -5.938473343849182129e-01 -7.627040147781372070e-02
5.344153642654418945e-01 -7.881310582160949707e-01 3.053680062294006348e-01
-7.084803581237792969e-01 -7.047252655029296875e-01 -3.765355050563812256e-02
6.262617707252502441e-01 6.357151865959167480e-01 4.512896835803985596e-01
-7.072225213050842285e-01 7.068961858749389648e-01 1.158426422625780106e-02
6.259470582008361816e-01 6.375108361244201660e-01 4.491884112358093262e-01
-7.072948813438415527e-01 7.068626284599304199e-01 8.908015675842761993e-03
5.550276041030883789e-01 -7.675735354423522949e-01 3.205857276916503906e-01
-7.309075593948364258e-01 -6.817760467529296875e-01 -3.091457486152648926e-02
5.191984176635742188e-01 -8.532973527908325195e-01 -4.813354834914207458e-02
4.013312160968780518e-01 -9.018955826759338379e-01 1.597421318292617798e-01
-7.711203694343566895e-01 -5.188624262809753418e-01 -3.689920604228973389e-01
-5.902845263481140137e-01 -6.122939586639404297e-01 -5.259850621223449707e-01
6.974734663963317871e-01 5.436030030250549316e-01 4.669333398342132568e-01
7.688549160957336426e-01 5.908148884773254395e-01 2.445400059223175049e-01
-5.688672065734863281e-01 7.099846005439758301e-01 -4.151048660278320312e-01
-5.036218762397766113e-01 8.351264595985412598e-01 -2.211983352899551392e-01
-4.694858789443969727e-01 8.542929887771606445e-01 -2.230843305587768555e-01
-4.431143999099731445e-01 8.227058649063110352e-01 -3.560963869094848633e-01
7.694975137710571289e-01 6.327517032623291016e-01 8.659530431032180786e-02
7.279140949249267578e-01 5.223646759986877441e-01 4.441578686237335205e-01
-5.210739374160766602e-01 -7.745636701583862305e-01 -3.585151135921478271e-01
-7.625195980072021484e-01 -5.845307111740112305e-01 -2.772862613201141357e-01
4.727234244346618652e-01 -8.335022330284118652e-01 2.860184013843536377e-01
6.717228889465332031e-01 -7.143267989158630371e-01 1.962793320417404175e-01
-5.924439430236816406e-01 8.055121302604675293e-01 1.266609877347946167e-02
5.500242710113525391e-01 8.347135782241821289e-01 2.695496380329132080e-02
-5.883564352989196777e-01 -8.055140376091003418e-01 -7.059636712074279785e-02
7.871328592300415039e-01 -6.156164407730102539e-01 3.792596235871315002e-02
-8.273084759712219238e-01 5.614593625068664551e-01 1.800323463976383209e-02
5.499793291091918945e-01 8.346634507179260254e-01 2.932064980268478394e-02
-8.222924470901489258e-01 -5.614567399024963379e-01 -9.274369478225708008e-02
7.891367673873901367e-01 -6.128153800964355469e-01 4.147741571068763733e-02
5.944122672080993652e-01 8.041455745697021484e-01 4.895373247563838959e-03
-5.527907013893127441e-01 8.328071236610412598e-01 2.923541329801082611e-02
5.906071662902832031e-01 -8.041476607322692871e-01 -6.730331480503082275e-02
-7.892196178436279297e-01 -6.127372384071350098e-01 4.105523601174354553e-02
8.288096189498901367e-01 5.594794750213623047e-01 7.571745198220014572e-03
-5.521758794784545898e-01 8.331709504127502441e-01 3.046285361051559448e-02
8.244258761405944824e-01 -5.594770312309265137e-01 -8.548366278409957886e-02
-7.908143997192382812e-01 -6.105417609214782715e-01 4.302877187728881836e-02
