-7.612268924713134766e-01 6.174041032791137695e-01 -1.983573883771896362e-01
-5.971391201019287109e-01 -3.682685792446136475e-01 -7.126030325889587402e-01
-1.166130378842353821e-01 -9.794417619705200195e-01 -1.646057516336441040e-01
5.503486469388008118e-02 9.965018033981323242e-01 6.289126724004745483e-02
1.817575283348560333e-02 9.993219375610351562e-01 3.202187269926071167e-02
4.137592017650604248e-01 2.614700198173522949e-01 8.720302581787109375e-01
1.266567409038543701e-01 6.405342817306518555e-01 7.574126720428466797e-01
1.691876351833343506e-01 6.498737335205078125e-01 7.409721016883850098e-01
6.356558203697204590e-01 5.091924071311950684e-01 5.802281498908996582e-01
4.982555508613586426e-01 6.410607099533081055e-01 5.837658643722534180e-01
-4.963217675685882568e-02 -9.963865280151367188e-01 6.892272830009460449e-02
-5.138565897941589355e-01 -5.308156609535217285e-01 6.739332675933837891e-01
1.791753619909286499e-01 -9.759400486946105957e-01 -1.242467612028121948e-01
-3.469457626342773438e-01 -7.062643766403198242e-01 6.171055436134338379e-01
-1.807012856006622314e-01 -9.557597041130065918e-01 2.321000695228576660e-01
-7.162277698516845703e-01 -5.008412003517150879e-01 4.859794080257415771e-01
2.058302015066146851e-01 9.773914813995361328e-01 4.837147146463394165e-02
4.231781139969825745e-02 9.991034865379333496e-01 1.147932955063879490e-03
-1.945405453443527222e-01 9.754121303558349609e-01 -1.035626605153083801e-01
9.236328303813934326e-02 -9.945239424705505371e-01 4.889984428882598877e-02
6.789532899856567383e-01 -7.130163311958312988e-01 1.750144064426422119e-01
-3.141364082694053650e-02 -9.994313716888427734e-01 -1.225352939218282700e-02
3.800272643566131592e-01 -9.249723553657531738e-01 2.349243964999914169e-03
9.152752161026000977e-01 -2.891912162303924561e-01 2.804279327392578125e-01
-1.843168884515762329e-01 -9.824028611183166504e-01 -3.019838593900203705e-02
-8.327788710594177246e-01 -5.346038341522216797e-01 -1.437988281250000000e-01
2.753255963325500488e-01 -9.591443538665771484e-01 6.509919464588165283e-02
5.731031894683837891e-01 -8.122213482856750488e-01 -1.088537573814392090e-01
-8.070049881935119629e-01 -4.539173543453216553e-01 -3.777591586112976074e-01
-3.470071777701377869e-02 9.993366599082946777e-01 1.104836352169513702e-02
1.994676440954208374e-01 9.755720496177673340e-01 9.204321354627609253e-02
-8.001840114593505859e-01 5.721617937088012695e-01 -1.798230409622192383e-01
-6.797655224800109863e-01 7.269321084022521973e-01 -9.740923345088958740e-02
-6.571129560470581055e-01 6.817353367805480957e-01 -3.216203153133392334e-01
-9.489438533782958984e-01 3.113206326961517334e-01 5.084313079714775085e-02
-6.688978057354688644e-03 9.999504089355468750e-01 -7.371863350272178650e-03
-1.413504332304000854e-01 6.613592505455017090e-01 -7.366301417350769043e-01
-1.727009564638137817e-01 9.314638972282409668e-01 -3.202333748340606689e-01
-3.415075242519378662e-01 6.510526537895202637e-01 -6.778665781021118164e-01
-2.569994926452636719e-01 -9.522213339805603027e-01 1.650027632713317871e-01
6.830327957868576050e-02 -9.911521077156066895e-01 1.138071417808532715e-01
-9.716192483901977539e-01 -1.249764040112495422e-01 -2.008408010005950928e-01
-8.698827028274536133e-01 3.214191496372222900e-01 -3.741573989391326904e-01
-9.244742989540100098e-01 -3.333591818809509277e-01 -1.849835664033889771e-01
-9.914396405220031738e-01 -1.287928223609924316e-01 -2.144292555749416351e-02
-7.663839459419250488e-01 -4.908978044986724854e-01 -4.143367409706115723e-01
-4.403014183044433594e-01 -8.892432451248168945e-01 1.240206137299537659e-01
9.927437901496887207e-01 1.200758591294288635e-01 6.454638205468654633e-03
9.960587024688720703e-01 8.853682875633239746e-02 -5.332933273166418076e-03
8.647199869155883789e-01 -2.156995534896850586e-01 -4.535780251026153564e-01
7.673184871673583984e-01 -1.141528412699699402e-01 -6.310241818428039551e-01
9.685625433921813965e-01 -1.961698234081268311e-01 1.529836356639862061e-01
9.434952139854431152e-01 1.274245679378509521e-01 3.059080243110656738e-01
9.409636259078979492e-01 2.981772124767303467e-01 1.602432131767272949e-01
8.959541916847229004e-01 -3.334624767303466797e-01 2.933748662471771240e-01
-6.430499553680419922e-01 1.546938419342041016e-01 7.500377297401428223e-01
-5.905303359031677246e-01 2.189642488956451416e-01 7.767422199249267578e-01
-8.373059630393981934e-01 -1.364418566226959229e-01 5.294358730316162109e-01
-3.590430021286010742e-01 1.536728739738464355e-01 9.205828309059143066e-01
-2.490539550781250000e-01 4.397117495536804199e-01 8.629170060157775879e-01
-3.716090917587280273e-01 -8.369003534317016602e-01 4.018761515617370605e-01
-2.194504737854003906e-01 -9.302180409431457520e-01 -2.941699326038360596e-01
-1.712647080421447754e-01 9.596072435379028320e-01 -2.232091128826141357e-01
-4.321316480636596680e-01 6.867853403091430664e-01 -5.844553709030151367e-01
-1.617902815341949463e-01 -1.421386450529098511e-01 -9.765350222587585449e-01
-3.439622744917869568e-02 6.357644498348236084e-02 -9.973840117454528809e-01
-1.158574223518371582e-01 -7.563608139753341675e-02 -9.903818964958190918e-01
-4.058714807033538818e-01 -1.349742710590362549e-01 -9.039083719253540039e-01
-5.495526641607284546e-02 -2.232242822647094727e-01 -9.732167720794677734e-01
-5.288918316364288330e-02 -9.966308474540710449e-01 -6.268698722124099731e-02
-9.324675053358078003e-02 -8.890251517295837402e-01 -4.482625722885131836e-01
5.434129759669303894e-02 -8.585848808288574219e-01 5.097832679748535156e-01
-3.633433580398559570e-01 -7.501268982887268066e-01 -5.525317192077636719e-01
-6.216965243220329285e-02 9.944715499877929688e-01 8.462557196617126465e-02
1.733929812908172607e-01 9.711226820945739746e-01 -1.638769060373306274e-01
4.967357814311981201e-01 -1.683741807937622070e-01 8.514127731323242188e-01
2.503835856914520264e-01 -1.642997115850448608e-01 9.541036486625671387e-01
3.358897864818572998e-01 -5.517801046371459961e-01 7.633588314056396484e-01
7.063928246498107910e-01 -1.614599823951721191e-01 6.891587376594543457e-01
-4.934049770236015320e-02 -8.874490261077880859e-01 4.582572281360626221e-01
4.974548220634460449e-01 -5.196560025215148926e-01 6.946195363998413086e-01
6.188517436385154724e-02 -9.906901717185974121e-01 1.212567761540412903e-01
4.614137113094329834e-02 -9.647676944732666016e-01 2.590255141258239746e-01
-3.210417628288269043e-01 -8.225859999656677246e-01 -4.693448543548583984e-01
5.746157169342041016e-01 -5.309935212135314941e-01 6.227862834930419922e-01
-4.259725287556648254e-02 -8.907711505889892578e-01 -4.524513483047485352e-01
-5.303990095853805542e-02 9.877162575721740723e-01 1.469808518886566162e-01
5.020496994256973267e-02 9.980946183204650879e-01 -3.586895018815994263e-02
-5.649766921997070312e-01 3.490653932094573975e-01 7.476326823234558105e-01
3.077147901058197021e-01 8.411629796028137207e-01 -4.446980953216552734e-01
-1.793584674596786499e-01 9.837834239006042480e-01 -8.268385427072644234e-04
-5.779991745948791504e-01 7.037356495857238770e-01 4.131260514259338379e-01
-1.775149255990982056e-01 -9.144405126571655273e-01 -3.637127578258514404e-01
-4.464347064495086670e-01 -8.687126040458679199e-01 -2.145568430423736572e-01
-8.473919034004211426e-01 5.304648876190185547e-01 -2.311105839908123016e-02
-8.003836870193481445e-01 5.735068321228027344e-01 1.745736002922058105e-01
-7.973813414573669434e-01 -5.353556275367736816e-01 -2.785269916057586670e-01
-7.394124269485473633e-01 -5.197857022285461426e-01 -4.278927445411682129e-01
-4.128006398677825928e-01 8.875855207443237305e-01 -2.044199556112289429e-01
-1.485662758350372314e-01 9.200971126556396484e-01 -3.624214231967926025e-01
-8.310936689376831055e-01 4.379389882087707520e-01 -3.427721560001373291e-01
-8.226579427719116211e-01 -5.470288991928100586e-01 1.548979580402374268e-01
4.623934626579284668e-01 -5.742701888084411621e-01 6.755782961845397949e-01
7.179507613182067871e-01 -7.791487127542495728e-02 -6.917195320129394531e-01
8.363450765609741211e-01 5.355788469314575195e-01 1.169710010290145874e-01
8.059996962547302246e-01 -5.820727348327636719e-01 -1.074986979365348816e-01
6.000516414642333984e-01 -7.672855257987976074e-01 2.262983173131942749e-01
8.124858140945434570e-01 3.621018230915069580e-01 4.568907916545867920e-01
6.342081427574157715e-01 7.430232763290405273e-01 2.137669473886489868e-01
5.611746907234191895e-01 7.469419836997985840e-01 3.565960228443145752e-01
8.564918637275695801e-01 -5.022709369659423828e-01 -1.189349517226219177e-01
2.826713919639587402e-01 9.050238132476806641e-01 -3.178502321243286133e-01
-3.795132339000701904e-01 9.251676201820373535e-01 5.889771040529012680e-03
3.821260035037994385e-01 9.119377136230468750e-01 1.494970619678497314e-01
9.580918550491333008e-01 2.749134898185729980e-01 8.051385730504989624e-02
2.169941365718841553e-01 9.761203527450561523e-01 1.012841146439313889e-02
6.763626933097839355e-01 7.229018211364746094e-01 1.412322670221328735e-01
5.823037624359130859e-01 -8.016179203987121582e-01 1.353918015956878662e-01
5.358091592788696289e-01 -8.421013355255126953e-01 6.143175810575485229e-02
6.899026632308959961e-01 -7.235520482063293457e-01 -2.251188643276691437e-02
-9.812206774950027466e-02 -9.912549257278442383e-01 8.823705464601516724e-02
2.544847130775451660e-02 -9.975419044494628906e-01 6.528791040182113647e-02
2.532946169376373291e-01 -1.858256012201309204e-01 -9.493739008903503418e-01
1.813624203205108643e-01 2.570696771144866943e-01 -9.492222070693969727e-01
8.459211587905883789e-01 5.250558853149414062e-01 9.345412254333496094e-02
5.413755178451538086e-01 -8.407560586929321289e-01 6.453912705183029175e-03
-3.185783028602600098e-01 -9.477059841156005859e-01 -1.900631003081798553e-02
-2.783763706684112549e-01 9.604063034057617188e-01 -1.123927533626556396e-02
8.195422291755676270e-01 -5.674781799316406250e-01 7.949228584766387939e-02
-5.478794574737548828e-01 -8.194336295127868652e-01 -1.683942228555679321e-01
7.893732786178588867e-01 6.134566068649291992e-01 2.368218451738357544e-02
8.299456834793090820e-01 5.529139041900634766e-01 -7.400228828191757202e-02
-6.929158568382263184e-01 5.312439799308776855e-01 -4.874910414218902588e-01
7.115585803985595703e-01 -5.309097170829772949e-01 4.602383375167846680e-01
-3.087286353111267090e-01 4.744229614734649658e-01 8.243843317031860352e-01
-3.481740057468414307e-01 -3.122908174991607666e-01 8.838831186294555664e-01
8.400235772132873535e-01 4.289854168891906738e-01 3.321625888347625732e-01
9.546883106231689453e-01 2.559854686260223389e-01 1.517946720123291016e-01
8.187181353569030762e-01 -5.627303123474121094e-01 1.141714081168174744e-01
-9.324449300765991211e-01 -3.580796420574188232e-01 4.822250828146934509e-02
-9.205282926559448242e-01 3.905154764652252197e-01 -1.119391899555921555e-02
-8.456876277923583984e-01 4.712821841239929199e-01 2.504104971885681152e-01
-6.944795250892639160e-01 6.675933003425598145e-01 2.683604061603546143e-01
5.912778973579406738e-01 5.926587581634521484e-01 5.469424724578857422e-01
7.292921543121337891e-01 -5.616405606269836426e-01 3.907593190670013428e-01
-7.309445142745971680e-01 -6.531758308410644531e-01 1.976904422044754028e-01
-8.057474344968795776e-02 -9.879426956176757812e-01 -1.322004944086074829e-01
-2.092994302511215210e-01 -9.561591148376464844e-01 -2.048252373933792114e-01
-1.592055559158325195e-01 9.694057106971740723e-01 -1.868321299552917480e-01
-2.517783641815185547e-01 9.001677036285400391e-01 -3.553952574729919434e-01
-9.666180610656738281e-01 -1.327388137578964233e-01 2.191573530435562134e-01
-7.968482375144958496e-01 -5.343363285064697266e-01 2.819887399673461914e-01
-7.014082074165344238e-01 1.419409513473510742e-01 -6.984836459159851074e-01
8.672572374343872070e-01 -1.420457512140274048e-01 4.771666526794433594e-01
-2.899945080280303955e-01 -5.553672313690185547e-01 -7.794038653373718262e-01
-2.976995408535003662e-01 3.875540196895599365e-01 -8.724544644355773926e-01
-4.341402649879455566e-01 -4.550944566726684570e-01 -7.774389386177062988e-01
-1.977739036083221436e-01 -3.641103804111480713e-01 -9.101149439811706543e-01
-3.605428934097290039e-01 4.867056906223297119e-01 -7.956924438476562500e-01
4.512290358543395996e-01 3.119818270206451416e-01 8.360978960990905762e-01
3.558551669120788574e-01 -5.864760279655456543e-01 7.276077270507812500e-01
1.765471249818801880e-01 -3.088324368000030518e-01 9.345874190330505371e-01
-1.227147355675697327e-01 -4.253622889518737793e-01 8.966649770736694336e-01
-5.437573045492172241e-02 -1.539092957973480225e-01 9.865876436233520508e-01
-7.956794649362564087e-02 -6.172252893447875977e-01 7.827528119087219238e-01
5.862246081233024597e-02 9.929912090301513672e-01 1.026249453425407410e-01
-7.214415818452835083e-02 4.561307728290557861e-01 8.869836330413818359e-01
-7.670971155166625977e-01 -3.133717179298400879e-01 -5.597857236862182617e-01
-7.817752957344055176e-01 2.652306258678436279e-01 -5.643403530120849609e-01
-9.836528897285461426e-01 -1.661552190780639648e-01 -6.942331045866012573e-02
-9.541564583778381348e-01 2.916239798069000244e-01 -6.738654524087905884e-02
-9.453135728836059570e-01 -2.922645807266235352e-01 -1.447882801294326782e-01
-9.294997453689575195e-01 3.568701148033142090e-01 -9.313391894102096558e-02
7.412873506546020508e-01 -5.231438279151916504e-01 4.204920530319213867e-01
9.095630645751953125e-01 -3.938147723674774170e-01 1.326831579208374023e-01
-6.452391147613525391e-01 -4.477713406085968018e-01 -6.190051436424255371e-01
-6.815208792686462402e-01 3.235306143760681152e-01 -6.563971638679504395e-01
-7.641324996948242188e-01 -4.598125219345092773e-01 -4.524089694023132324e-01
-6.637357473373413086e-01 5.648393034934997559e-01 -4.903176128864288330e-01
6.528450846672058105e-01 -6.990278959274291992e-01 -2.918103337287902832e-01
6.169120669364929199e-01 7.770256996154785156e-01 -1.251018494367599487e-01
4.077455997467041016e-01 -7.888825535774230957e-01 4.597910046577453613e-01
2.171413600444793701e-01 -6.960988044738769531e-01 6.843216419219970703e-01
5.114822387695312500e-01 -8.069396018981933594e-01 2.953548431396484375e-01
6.032710671424865723e-01 2.589253187179565430e-01 -7.543352842330932617e-01
5.734560489654541016e-01 7.841915488243103027e-01 -2.370480448007583618e-01
9.040849804878234863e-01 4.271351397037506104e-01 -1.363245584070682526e-02
-6.462907791137695312e-01 -7.575077414512634277e-01 9.214309602975845337e-02
4.276008307933807373e-01 8.982396721839904785e-01 -1.016025841236114502e-01
7.619858980178833008e-01 4.550643563270568848e-01 -4.607537090778350830e-01
4.192340075969696045e-01 -5.909305214881896973e-01 -6.892342567443847656e-01
7.312353253364562988e-01 -5.881485342979431152e-01 -3.455087244510650635e-01
4.476326704025268555e-02 9.840530753135681152e-01 -1.721505969762802124e-01
-4.128724038600921631e-01 2.446396201848983765e-01 8.773185610771179199e-01
8.747306466102600098e-02 9.874404668807983398e-01 1.315666735172271729e-01
-1.611559092998504639e-01 -1.216668039560317993e-01 9.794007539749145508e-01
-6.064922213554382324e-01 2.425387054681777954e-01 7.571935653686523438e-01
3.852837383747100830e-01 -7.688263654708862305e-01 5.103552937507629395e-01
5.026680827140808105e-01 -7.709543704986572266e-01 3.910934627056121826e-01
-2.403740584850311279e-02 -9.898698329925537109e-01 -1.399283558130264282e-01
1.986200958490371704e-01 -6.680439114570617676e-01 7.171244025230407715e-01
1.849071830511093140e-01 9.818204641342163086e-01 -4.287101328372955322e-02
-9.741144180297851562e-01 2.121015340089797974e-01 7.819234579801559448e-02
-7.625910043716430664e-01 6.088656187057495117e-01 2.184892743825912476e-01
-2.948877513408660889e-01 9.443332552909851074e-01 1.458632349967956543e-01
2.867577373981475830e-01 -9.568092226982116699e-01 -4.781495407223701477e-02
4.862733483314514160e-01 -8.361330032348632812e-01 -2.538105249404907227e-01
-3.793291449546813965e-01 -9.200802445411682129e-01 9.778384864330291748e-02
-4.709627032279968262e-01 -8.809132575988769531e-01 4.675466567277908325e-02
-2.855888903141021729e-01 -9.440557360649108887e-01 1.649171710014343262e-01
3.413499295711517334e-01 -9.381008148193359375e-01 -5.871167778968811035e-02
9.793985486030578613e-01 4.384803026914596558e-02 -1.971186399459838867e-01
9.716337919235229492e-01 2.328567355871200562e-01 4.129924625158309937e-02
2.437571585178375244e-01 9.682270884513854980e-01 -5.584562197327613831e-02
7.422444820404052734e-01 5.417980551719665527e-01 -3.943702578544616699e-01
-7.120433449745178223e-02 9.417113661766052246e-01 3.288004100322723389e-01
3.979497253894805908e-01 5.827541351318359375e-01 -7.085433006286621094e-01
2.414136826992034912e-01 -9.548663496971130371e-01 1.730597317218780518e-01
9.684733748435974121e-01 -1.554406583309173584e-01 -1.946727484464645386e-01
9.869830012321472168e-01 -1.595020145177841187e-01 -2.058357745409011841e-02
9.299052357673645020e-01 -3.211966156959533691e-01 -1.791898906230926514e-01
9.110667109489440918e-01 -1.631754189729690552e-01 -3.785910308361053467e-01
8.470360636711120605e-01 -5.289477109909057617e-01 5.238470435142517090e-02
3.987156450748443604e-01 -8.633061647415161133e-01 -3.093997836112976074e-01
-9.850274324417114258e-01 -1.723212748765945435e-01 5.135398358106613159e-03
-8.825389742851257324e-01 -2.396405786275863647e-01 -4.045953154563903809e-01
-5.748417973518371582e-01 -8.064522147178649902e-01 -1.385345458984375000e-01
-5.998175144195556641e-01 -5.257112979888916016e-01 -6.031970381736755371e-01
-9.694594144821166992e-01 -1.675596833229064941e-01 1.790868341922760010e-01
-5.481677651405334473e-01 -8.363682627677917480e-01 5.640470189973711967e-04
-9.188902378082275391e-01 -1.937380433082580566e-01 3.436659574508666992e-01
-8.055138587951660156e-01 -5.416527390480041504e-01 2.403325140476226807e-01
6.552800536155700684e-01 1.821505427360534668e-01 7.330957055091857910e-01
3.598138391971588135e-01 1.628995686769485474e-01 9.186935424804687500e-01
8.435179591178894043e-01 1.903715133666992188e-01 5.022310614585876465e-01
2.808237075805664062e-01 8.192324042320251465e-01 4.999963641166687012e-01
2.891638875007629395e-01 4.371622204780578613e-01 8.516299128532409668e-01
8.084640502929687500e-01 2.512011229991912842e-01 5.322442650794982910e-01
-9.755545854568481445e-01 -2.157554328441619873e-01 4.174763709306716919e-02
1.208246722817420959e-01 7.689734697341918945e-01 -6.277589201927185059e-01
3.291877508163452148e-01 6.693661212921142578e-01 -6.660214066505432129e-01
4.081593081355094910e-02 9.961090683937072754e-01 -7.810718566179275513e-02
1.097080186009407043e-01 -1.253935694694519043e-01 -9.860225915908813477e-01
3.670860230922698975e-01 -1.621549427509307861e-01 -9.159441590309143066e-01
1.829962581396102905e-01 -8.564928770065307617e-01 -4.826306104660034180e-01
3.127309381961822510e-01 -8.513764142990112305e-01 -4.211385548114776611e-01
-3.153672069311141968e-02 -9.732180833816528320e-01 2.277104556560516357e-01
-1.515441983938217163e-01 -9.600824713706970215e-01 2.351084351539611816e-01
4.875392653048038483e-03 9.383088350296020508e-01 3.457640111446380615e-01
5.571988876909017563e-03 9.995159506797790527e-01 3.060625679790973663e-02
1.258655488491058350e-01 3.678811192512512207e-01 -9.213150143623352051e-01
1.260457336902618408e-01 9.284856319427490234e-01 -3.493233621120452881e-01
-4.918389320373535156e-01 -1.667885333299636841e-01 8.545619249343872070e-01
-6.974838376045227051e-01 -1.741661876440048218e-01 6.951132416725158691e-01
-3.669145107269287109e-01 -5.268949270248413086e-01 7.666521072387695312e-01
-2.539635598659515381e-01 -1.485877037048339844e-01 9.557322859764099121e-01
-2.298678606748580933e-01 -8.724232316017150879e-01 4.313219785690307617e-01
-5.431350693106651306e-02 -7.516419291496276855e-01 6.573312282562255859e-01
2.752300500869750977e-01 -9.043360948562622070e-01 -3.262279331684112549e-01
-1.423834711313247681e-01 -9.661346077919006348e-01 2.151995599269866943e-01
-6.522372364997863770e-02 9.957116246223449707e-01 -6.560616195201873779e-02
-2.641276121139526367e-01 9.449080228805541992e-01 -1.933533400297164917e-01
-6.356358528137207031e-01 -4.985880851745605469e-01 5.893869400024414062e-01
-1.528279632329940796e-01 -4.957465231418609619e-01 8.549145460128784180e-01
6.195702552795410156e-01 7.817285656929016113e-01 -7.094521075487136841e-02
5.632752776145935059e-01 -7.395694851875305176e-01 -3.684534132480621338e-01
5.487795472145080566e-01 6.074786782264709473e-01 -5.742914080619812012e-01
-4.255649149417877197e-01 5.749142765998840332e-01 6.988333463668823242e-01
-6.082842350006103516e-01 5.759912729263305664e-01 5.460993051528930664e-01
-1.510609686374664307e-01 7.368302941322326660e-01 6.589853763580322266e-01
2.241622060537338257e-01 -5.347850918769836426e-02 -9.730833768844604492e-01
4.861331880092620850e-01 -4.716935753822326660e-02 -8.726108074188232422e-01
1.763669550418853760e-01 -2.054475247859954834e-02 -9.841099977493286133e-01
-9.887496232986450195e-01 1.417276412248611450e-01 4.782675579190254211e-02
-7.258528470993041992e-01 6.809035539627075195e-01 9.750943630933761597e-02
-7.670241594314575195e-01 5.996461510658264160e-01 2.282506823539733887e-01
9.804434180259704590e-01 -3.898210078477859497e-02 -1.929016411304473877e-01
8.884379863739013672e-01 -4.208265990018844604e-02 -4.570633471012115479e-01
9.972393512725830078e-01 -3.308808058500289917e-02 6.647490710020065308e-02
-6.764135360717773438e-01 2.120701521635055542e-01 -7.053303718566894531e-01
5.073556900024414062e-01 6.133543848991394043e-01 6.052988171577453613e-01
3.161797523498535156e-01 5.846513509750366211e-01 7.471366524696350098e-01
5.530175566673278809e-01 7.617167234420776367e-01 3.375783562660217285e-01
8.775032162666320801e-01 -4.794630110263824463e-01 -1.016165222972631454e-02
5.694364309310913086e-01 -7.914169430732727051e-01 -2.222641259431838989e-01
1.475467085838317871e-01 -8.073164224624633789e-01 -5.713756680488586426e-01
1.244575381278991699e-01 -6.348420977592468262e-01 -7.625520825386047363e-01
2.559770941734313965e-01 -7.855024337768554688e-01 -5.634373426437377930e-01
6.519557237625122070e-01 -7.567946314811706543e-01 -4.707000777125358582e-02
-4.215614199638366699e-01 -8.602056652307510376e-02 9.027106165885925293e-01
-6.623491048812866211e-01 -7.282046228647232056e-02 7.456479668617248535e-01
-1.917384862899780273e-01 -4.516508057713508606e-02 9.804062247276306152e-01
-9.880530834197998047e-01 1.520342975854873657e-01 2.523212693631649017e-02
-9.919146895408630371e-01 -5.461153760552406311e-02 1.145547032356262207e-01
-9.679545164108276367e-01 -8.106344193220138550e-02 2.376821786165237427e-01
5.715138316154479980e-01 -6.579381227493286133e-02 8.179506063461303711e-01
3.275333642959594727e-01 2.703731879591941833e-03 9.448357820510864258e-01
7.949443459510803223e-01 -4.026169329881668091e-02 6.053448915481567383e-01
8.827756643295288086e-01 -3.705171942710876465e-01 -2.888323366641998291e-01
9.459708929061889648e-01 1.784255951642990112e-01 2.707457840442657471e-01
7.041854858398437500e-01 4.416722059249877930e-01 -5.559213161468505859e-01
7.404877543449401855e-01 -5.605705976486206055e-01 -3.707269430160522461e-01
4.198136925697326660e-01 -8.866168856620788574e-01 1.940800696611404419e-01
7.716339230537414551e-01 1.845539063215255737e-01 6.087042689323425293e-01
7.161111235618591309e-01 6.919326186180114746e-01 9.172844141721725464e-02
7.793310880661010742e-01 5.388278961181640625e-01 3.198554515838623047e-01
4.522721767425537109e-01 7.531234622001647949e-01 -4.777602851390838623e-01
7.290442585945129395e-01 6.030876636505126953e-01 -3.236972093582153320e-01
6.444307565689086914e-01 -6.338372230529785156e-01 -4.277374446392059326e-01
-4.564967155456542969e-01 8.782550096511840820e-01 1.424043029546737671e-01
-3.360624015331268311e-01 -1.680937558412551880e-01 -9.267181754112243652e-01
-1.877949759364128113e-02 -8.748832941055297852e-01 -4.839695394039154053e-01
5.841215327382087708e-02 -8.970413208007812500e-01 4.380696415901184082e-01
3.461609035730361938e-02 -9.990403056144714355e-01 2.683834731578826904e-02
-3.857097923755645752e-01 -6.108793020248413086e-01 -6.914148330688476562e-01
-4.361974298954010010e-01 8.996683359146118164e-01 1.812887378036975861e-02
-2.199904471635818481e-01 -9.754171967506408691e-01 1.286486908793449402e-02
1.587773710489273071e-01 9.839588403701782227e-01 8.133099228143692017e-02
-7.835986614227294922e-01 6.152040958404541016e-01 -8.658540993928909302e-02
-4.617426395416259766e-01 8.596258759498596191e-01 -2.187168002128601074e-01
-7.909907698631286621e-01 4.626747965812683105e-01 4.003319442272186279e-01
-4.486724138259887695e-01 -2.750144898891448975e-01 8.503294587135314941e-01
-7.838233113288879395e-01 -6.076497435569763184e-01 1.279952824115753174e-01
-4.940953552722930908e-01 -7.463520765304565430e-01 4.459016323089599609e-01
-1.722910255193710327e-01 -9.850115180015563965e-01 8.258164860308170319e-03
-8.106862306594848633e-01 5.776696801185607910e-01 9.531859308481216431e-02
-6.432231664657592773e-01 2.959053218364715576e-01 7.061897516250610352e-01
-5.963463187217712402e-01 -6.795285940170288086e-01 4.273312091827392578e-01
7.863548398017883301e-01 -5.928082466125488281e-01 -1.738518327474594116e-01
-9.772840142250061035e-01 -2.116148918867111206e-01 1.161991991102695465e-02
-2.460773885250091553e-01 9.692488312721252441e-01 1.604921300895512104e-03
-6.500887870788574219e-01 -6.133012771606445312e-01 4.486045539379119873e-01
-6.342229247093200684e-01 -7.198817729949951172e-01 -2.820132374763488770e-01
4.625840485095977783e-01 8.795297741889953613e-01 -1.115502938628196716e-01
-4.671486318111419678e-01 -8.840706348419189453e-01 1.383291091769933701e-02
-7.667811512947082520e-01 6.371417641639709473e-01 7.808378338813781738e-02
9.082965254783630371e-01 4.152352809906005859e-01 -5.076460167765617371e-02
2.209213823080062866e-01 -9.752913117408752441e-01 7.608440355397760868e-04
9.984338879585266113e-01 -2.013989258557558060e-03 -5.590736120939254761e-02
9.175176024436950684e-01 -3.947551548480987549e-01 -4.826723039150238037e-02
-9.941512942314147949e-01 -8.964502066373825073e-02 6.022459268569946289e-02
1.676523238420486450e-01 9.858385324478149414e-01 -3.874891204759478569e-03
-7.138562202453613281e-01 -6.956368684768676758e-01 8.061487972736358643e-02
9.906299710273742676e-01 -2.320062136277556419e-03 -1.365540176630020142e-01
4.387630224227905273e-01 -8.946688771247863770e-01 -8.399150520563125610e-02
-6.434673070907592773e-01 -7.654446363449096680e-01 -6.663233041763305664e-03
-6.513738036155700684e-01 7.586898207664489746e-01 1.009406149387359619e-02
6.716787219047546387e-01 -5.875906944274902344e-01 -4.512037634849548340e-01
5.770201683044433594e-01 -5.861260294914245605e-01 -5.687741041183471680e-01
-7.028172016143798828e-01 6.109479069709777832e-01 -3.644044995307922363e-01
-9.835161566734313965e-01 1.462194919586181641e-01 1.063756197690963745e-01
7.143924832344055176e-01 5.910297632217407227e-01 -3.746027052402496338e-01
7.813236713409423828e-01 5.458529591560363770e-01 -3.026182651519775391e-01
-6.581996679306030273e-01 -4.808700978755950928e-01 5.792557001113891602e-01
-8.499184846878051758e-01 -3.301753401756286621e-01 -4.106371402740478516e-01
-4.992703497409820557e-01 -3.155570030212402344e-01 8.069404363632202148e-01
-3.879768252372741699e-01 9.202715158462524414e-01 -5.073837563395500183e-02
-8.463404178619384766e-01 -7.248823065310716629e-03 5.325930118560791016e-01
-5.786550045013427734e-01 7.064700722694396973e-01 4.075025916099548340e-01
-4.470708072185516357e-01 6.837277412414550781e-01 5.767531394958496094e-01
-8.998613357543945312e-01 1.105853989720344543e-01 4.219247400760650635e-01
-6.986874341964721680e-01 -6.528224945068359375e-01 2.926751077175140381e-01
-6.010841727256774902e-01 -7.610532045364379883e-01 2.439176142215728760e-01
-4.307084083557128906e-01 -9.007797241210937500e-01 -5.555345118045806885e-02
-8.471020460128784180e-01 4.327531754970550537e-01 -3.084524571895599365e-01
-5.612341165542602539e-01 -7.649239301681518555e-01 3.160817027091979980e-01
5.378654599189758301e-01 8.341517448425292969e-01 1.220314055681228638e-01
1.617210954427719116e-01 7.723147869110107422e-01 -6.143094897270202637e-01
2.791684865951538086e-01 9.570904970169067383e-01 7.773467898368835449e-02
-8.177704811096191406e-01 3.276851177215576172e-01 4.731530249118804932e-01
-2.421809583902359009e-01 -9.682458639144897461e-01 -6.203481554985046387e-02
3.126024901866912842e-01 8.945055007934570312e-01 -3.195929229259490967e-01
9.548303484916687012e-01 -1.572385579347610474e-01 2.521407604217529297e-01
4.797506332397460938e-01 -8.404147624969482422e-01 2.520762681961059570e-01
2.400920540094375610e-02 -9.953424334526062012e-01 -9.336506575345993042e-02
7.025890946388244629e-01 -1.755347251892089844e-01 -6.896057724952697754e-01
-8.027005195617675781e-01 -3.519999980926513672e-01 4.814227223396301270e-01
-8.340861201286315918e-01 -1.893756091594696045e-01 5.181093215942382812e-01
5.865485668182373047e-01 5.730347633361816406e-01 -5.723564028739929199e-01
-8.253090083599090576e-02 3.061745464801788330e-01 -9.483911991119384766e-01
5.081399157643318176e-02 -1.600552946329116821e-01 9.857993125915527344e-01
1.209343746304512024e-01 -7.334429621696472168e-01 6.689068675041198730e-01
9.607496857643127441e-02 5.874167680740356445e-01 8.035616278648376465e-01
9.424318671226501465e-01 -3.803441300988197327e-02 3.322282135486602783e-01
7.249035835266113281e-01 -4.484992846846580505e-02 -6.873887777328491211e-01
4.672463610768318176e-02 -4.242535680532455444e-02 9.980065226554870605e-01
-8.795994520187377930e-01 -5.934712290763854980e-02 4.719985425472259521e-01
5.267775654792785645e-01 -8.406697511672973633e-01 1.256173253059387207e-01
5.761173367500305176e-01 -6.184608340263366699e-01 -5.344108939170837402e-01
-6.639618277549743652e-01 -4.170232117176055908e-01 6.206821203231811523e-01
9.187647700309753418e-01 -2.729375064373016357e-01 2.852651476860046387e-01
-4.311140477657318115e-01 -8.453410863876342773e-01 -3.154982030391693115e-01
-8.504546880722045898e-01 4.856801927089691162e-01 -2.020932435989379883e-01
5.644109249114990234e-01 -7.257036566734313965e-01 -3.934392631053924561e-01
5.924236178398132324e-01 6.625354886054992676e-01 -4.583458602428436279e-01
-5.277853608131408691e-01 8.471646308898925781e-01 6.127530708909034729e-02
-5.259041786193847656e-01 -6.280723214149475098e-01 -5.735416412353515625e-01
6.660254597663879395e-01 7.184534668922424316e-01 -2.005858868360519409e-01
4.897550344467163086e-01 -8.434906005859375000e-01 -2.205982208251953125e-01
-5.340407490730285645e-01 8.215007185935974121e-01 -1.998424232006072998e-01
-6.038086414337158203e-01 -7.665805220603942871e-01 -2.185621559619903564e-01
-3.760063555091619492e-05 -1.000000000000000000e+00 -3.063568874495103955e-05
9.143912792205810547e-01 4.048315286636352539e-01 -4.723872552858665586e-05
-7.489296694984659553e-05 1.000000000000000000e+00 -4.132504909648559988e-05
7.802736759185791016e-01 -6.254383325576782227e-01 -1.153215562226250768e-04
-9.143995642662048340e-01 4.048126637935638428e-01 -4.714087117463350296e-05
-7.907652616268023849e-05 4.044784009456634521e-01 9.145475029945373535e-01
-7.896013266872614622e-05 4.044444262981414795e-01 -9.145625829696655273e-01
-7.803725600242614746e-01 -6.253147721290588379e-01 -1.151291289716027677e-04
-1.751693790019714925e-09 -6.248722076416015625e-01 7.807270884513854980e-01
7.433240689636022580e-10 -6.248732209205627441e-01 -7.807262539863586426e-01
5.527877807617187500e-01 6.220458149909973145e-01 -5.545130968093872070e-01
5.529997348785400391e-01 6.220360398292541504e-01 5.543124675750732422e-01
-5.528914928436279297e-01 6.220186948776245117e-01 -5.544400215148925781e-01
6.414787173271179199e-01 -4.182805120944976807e-01 -6.430758237838745117e-01
-5.531035661697387695e-01 6.220089793205261230e-01 5.542392730712890625e-01
6.415007710456848145e-01 -4.183043241500854492e-01 6.430383324623107910e-01
-6.416521072387695312e-01 -4.182585775852203369e-01 -6.429170370101928711e-01
-6.416742205619812012e-01 -4.182824194431304932e-01 6.428794860839843750e-01
