7.441437840461730957e-01 -6.409307718276977539e-01 1.883021593093872070e-01
-7.441437840461730957e-01 -6.409307718276977539e-01 1.883021593093872070e-01
5.979537963867187500e-01 -4.964970350265502930e-01 6.292392015457153320e-01
-5.979537963867187500e-01 -4.964970350265502930e-01 6.292392015457153320e-01
7.232266664505004883e-01 -4.889094531536102295e-01 4.877610504627227783e-01
-7.232266664505004883e-01 -4.889094531536102295e-01 4.877610504627227783e-01
1.997442841529846191e-01 -8.580730557441711426e-01 4.730885326862335205e-01
-1.997442841529846191e-01 -8.580730557441711426e-01 4.730885326862335205e-01
9.117993712425231934e-02 -7.237273454666137695e-01 6.840357780456542969e-01
-9.117993712425231934e-02 -7.237273454666137695e-01 6.840357780456542969e-01
4.419276118278503418e-02 -9.744183421134948730e-01 2.203540951013565063e-01
-4.419276118278503418e-02 -9.744183421134948730e-01 2.203540951013565063e-01
-6.553869843482971191e-01 -6.940372586250305176e-01 2.979601323604583740e-01
6.553869843482971191e-01 -6.940372586250305176e-01 2.979601323604583740e-01
-3.630795478820800781e-01 -5.308144092559814453e-01 7.657736539840698242e-01
3.630795478820800781e-01 -5.308143496513366699e-01 7.657736539840698242e-01
-5.577751398086547852e-01 -6.291126012802124023e-01 5.413910746574401855e-01
5.577750802040100098e-01 -6.291126012802124023e-01 5.413911342620849609e-01
-8.055438399314880371e-01 1.094263419508934021e-01 5.823444724082946777e-01
8.055438399314880371e-01 1.094263494014739990e-01 5.823444724082946777e-01
-6.566898226737976074e-01 -9.483320266008377075e-02 7.481744885444641113e-01
6.566897630691528320e-01 -9.483320266008377075e-02 7.481744885444641113e-01
-9.873734712600708008e-01 2.892490476369857788e-02 1.557464599609375000e-01
9.873734712600708008e-01 2.892491035163402557e-02 1.557464450597763062e-01
-6.497026681900024414e-01 7.544056177139282227e-01 9.358780831098556519e-02
6.497026085853576660e-01 7.544056177139282227e-01 9.358779340982437134e-02
-4.517309963703155518e-01 4.599090516567230225e-01 7.644755244255065918e-01
4.517309665679931641e-01 4.599090516567230225e-01 7.644755244255065918e-01
-4.503693282604217529e-01 6.939206123352050781e-01 5.618199110031127930e-01
4.503692984580993652e-01 6.939206123352050781e-01 5.618199110031127930e-01
2.042872607707977295e-01 8.287647962570190430e-01 5.209756493568420410e-01
-2.042872607707977295e-01 8.287647962570190430e-01 5.209755897521972656e-01
9.576947242021560669e-02 7.172896265983581543e-01 6.901622414588928223e-01
-9.576945751905441284e-02 7.172895669937133789e-01 6.901621818542480469e-01
3.704822808504104614e-02 9.789085984230041504e-01 2.009111195802688599e-01
-3.704822063446044922e-02 9.789085984230041504e-01 2.009111046791076660e-01
7.523720860481262207e-01 6.354085206985473633e-01 1.737591922283172607e-01
-7.523720860481262207e-01 6.354085206985473633e-01 1.737591773271560669e-01
5.969690084457397461e-01 4.867785274982452393e-01 6.377104520797729492e-01
-5.969690084457397461e-01 4.867785871028900146e-01 6.377104520797729492e-01
7.195063829421997070e-01 4.730271100997924805e-01 5.084840059280395508e-01
-7.195063829421997070e-01 4.730270802974700928e-01 5.084840059280395508e-01
8.682283759117126465e-01 -5.832837894558906555e-03 4.961304962635040283e-01
-8.682283759117126465e-01 -5.832837894558906555e-03 4.961304962635040283e-01
8.118152618408203125e-01 -2.800222719088196754e-03 5.839077234268188477e-01
-8.118152618408203125e-01 -2.800225978717207909e-03 5.839077234268188477e-01
9.067611694335937500e-01 -8.342256769537925720e-03 4.215621054172515869e-01
-9.067611694335937500e-01 -8.342256769537925720e-03 4.215620458126068115e-01
9.995962381362915039e-01 -1.452042721211910248e-02 -2.442218363285064697e-02
-9.995962381362915039e-01 -1.452042721211910248e-02 -2.442219108343124390e-02
6.551463603973388672e-01 7.506389021873474121e-01 8.558272570371627808e-02
-6.551464200019836426e-01 7.506389021873474121e-01 8.558269590139389038e-02
-8.581235259771347046e-02 9.825358986854553223e-01 1.651042997837066650e-01
8.581236004829406738e-02 9.825358986854553223e-01 1.651043146848678589e-01
-7.583672404289245605e-01 6.061614155769348145e-01 2.396821379661560059e-01
7.583671808242797852e-01 6.061613559722900391e-01 2.396821379661560059e-01
-8.709811568260192871e-01 -1.472054980695247650e-02 4.910958111286163330e-01
8.709811568260192871e-01 -1.472054142504930496e-02 4.910958111286163330e-01
-7.448515892028808594e-01 -6.237859725952148438e-01 2.368273437023162842e-01
7.448515892028808594e-01 -6.237859725952148438e-01 2.368273437023162842e-01
1.897911876440048218e-01 -3.575981594622135162e-03 9.818179607391357422e-01
-1.897911876440048218e-01 -3.575981594622135162e-03 9.818179607391357422e-01
-8.581256121397018433e-02 -9.829818606376647949e-01 1.624280363321304321e-01
8.581256121397018433e-02 -9.829818606376647949e-01 1.624280363321304321e-01
6.468241810798645020e-01 -7.582042813301086426e-01 8.212648332118988037e-02
-6.468241810798645020e-01 -7.582042813301086426e-01 8.212648332118988037e-02
-8.852038213547075429e-09 9.702327847480773926e-01 2.421741783618927002e-01
-1.955013484433720805e-09 -1.144939213991165161e-01 9.934239387512207031e-01
-2.620150797716380708e-11 -3.291718661785125732e-02 9.994580745697021484e-01
4.835093658783762294e-09 -8.886531591415405273e-01 4.585800468921661377e-01
5.180618156686023212e-09 7.889775633811950684e-01 6.144221425056457520e-01
-3.475163212751652964e-10 -9.717683792114257812e-01 2.359367609024047852e-01
2.898411732843442223e-09 7.941918969154357910e-01 6.076669692993164062e-01
-3.750774357769159906e-09 4.870904684066772461e-01 8.733514547348022461e-01
1.525236936750218320e-09 8.007190227508544922e-01 -5.990402102470397949e-01
2.077517491372304903e-09 3.307543694972991943e-01 -9.437168836593627930e-01
1.316539433027230643e-09 -2.714642882347106934e-01 -9.624484777450561523e-01
6.745690117604397074e-10 -9.487823247909545898e-01 -3.159305453300476074e-01
8.382885456085205078e-01 -4.081709682941436768e-01 3.614813983440399170e-01
-8.382885456085205078e-01 -4.081709682941436768e-01 3.614813983440399170e-01
9.601451158523559570e-01 2.313895821571350098e-01 1.567806154489517212e-01
-9.601451158523559570e-01 2.313895970582962036e-01 1.567806154489517212e-01
9.796080589294433594e-01 9.340449422597885132e-02 1.778863668441772461e-01
-9.796080589294433594e-01 9.340449422597885132e-02 1.778863668441772461e-01
9.373014569282531738e-01 -2.542635500431060791e-01 2.383610159158706665e-01
-9.373014569282531738e-01 -2.542635500431060791e-01 2.383610159158706665e-01
4.305485188961029053e-01 -8.952619433403015137e-01 1.146035864949226379e-01
-4.305485188961029053e-01 -8.952619433403015137e-01 1.146036013960838318e-01
1.583960205316543579e-01 -9.748460650444030762e-01 1.567988991737365723e-01
-1.583960205316543579e-01 -9.748460650444030762e-01 1.567988842725753784e-01
-8.166139431331487231e-10 -9.464412927627563477e-01 3.228758871555328369e-01
3.173646330833435059e-01 -9.469861984252929688e-01 -4.996769875288009644e-02
-3.173646628856658936e-01 -9.469862580299377441e-01 -4.996772110462188721e-02
5.992330908775329590e-01 -7.739945054054260254e-01 2.045782357454299927e-01
-5.992330908775329590e-01 -7.739945054054260254e-01 2.045782357454299927e-01
8.910182118415832520e-01 -4.232842326164245605e-01 -1.640640944242477417e-01
-8.910182118415832520e-01 -4.232842326164245605e-01 -1.640641093254089355e-01
8.520015478134155273e-01 2.192905843257904053e-01 4.753997921943664551e-01
-8.520015478134155273e-01 2.192905843257904053e-01 4.753998219966888428e-01
5.091804862022399902e-01 8.522499203681945801e-01 1.200218200683593750e-01
-5.091804862022399902e-01 8.522499203681945801e-01 1.200218200683593750e-01
6.104574799537658691e-01 7.591581344604492188e-01 2.258772552013397217e-01
-6.104574799537658691e-01 7.591581344604492188e-01 2.258772552013397217e-01
1.824851781129837036e-01 9.818062186241149902e-01 5.249422416090965271e-02
-1.824851781129837036e-01 9.818062186241149902e-01 5.249421671032905579e-02
-5.203899145126342773e-01 7.703772783279418945e-01 3.683926165103912354e-01
5.203899145126342773e-01 7.703772783279418945e-01 3.683926463127136230e-01
-8.527285456657409668e-01 5.042764544486999512e-01 1.362320780754089355e-01
8.527285456657409668e-01 5.042765140533447266e-01 1.362321227788925171e-01
3.030203282833099365e-01 -2.019512951374053955e-01 9.313400387763977051e-01
-3.030203282833099365e-01 -2.019512951374053955e-01 9.313400387763977051e-01
-1.178783364593982697e-03 -1.655742973089218140e-01 9.861965775489807129e-01
1.178782084025442600e-03 -1.655742973089218140e-01 9.861965775489807129e-01
-2.143997550010681152e-01 -3.484771251678466797e-01 9.124673008918762207e-01
2.143997251987457275e-01 -3.484770655632019043e-01 9.124671816825866699e-01
3.311625421047210693e-01 -3.918050825595855713e-01 8.583822846412658691e-01
-3.311625123023986816e-01 -3.918050825595855713e-01 8.583822846412658691e-01
4.392240345478057861e-01 -3.761412501335144043e-01 8.158431649208068848e-01
-4.392240345478057861e-01 -3.761412501335144043e-01 8.158431649208068848e-01
4.706020057201385498e-01 -1.646664887666702271e-01 8.668441176414489746e-01
-4.706020057201385498e-01 -1.646664887666702271e-01 8.668441176414489746e-01
3.738166391849517822e-01 -1.052229627966880798e-01 9.215146303176879883e-01
-3.738166391849517822e-01 -1.052229627966880798e-01 9.215146303176879883e-01
3.126896023750305176e-01 -2.379372268915176392e-01 9.195712208747863770e-01
-3.126895725727081299e-01 -2.379372268915176392e-01 9.195712208747863770e-01
2.380045205354690552e-01 5.018933862447738647e-02 9.699664711952209473e-01
-2.380045205354690552e-01 5.018934607505798340e-02 9.699664711952209473e-01
2.531112432479858398e-01 -1.618272960186004639e-01 9.538064002990722656e-01
-2.531112432479858398e-01 -1.618272960186004639e-01 9.538064002990722656e-01
-1.225629042700404625e-09 -4.828288555145263672e-01 8.757147789001464844e-01
1.418883055448532104e-01 -1.483558267354965210e-01 9.787023663520812988e-01
-1.418883353471755981e-01 -1.483558267354965210e-01 9.787023663520812988e-01
8.513532578945159912e-02 -3.392466902732849121e-01 9.368370771408081055e-01
-8.513532578945159912e-02 -3.392466902732849121e-01 9.368370771408081055e-01
-7.387719303369522095e-02 -3.305816650390625000e-01 9.408814311027526855e-01
7.387719303369522095e-02 -3.305816650390625000e-01 9.408814311027526855e-01
-7.442540472801795204e-10 -1.245284825563430786e-01 9.922160506248474121e-01
-7.442540472801795204e-10 -1.245284825563430786e-01 9.922160506248474121e-01
-6.952738940135816392e-10 4.305441081523895264e-01 9.025695323944091797e-01
8.609774112701416016e-01 4.635515213012695312e-01 2.093749344348907471e-01
-8.609774112701416016e-01 4.635515213012695312e-01 2.093749344348907471e-01
9.321872591972351074e-01 -2.471534162759780884e-01 2.644655108451843262e-01
-9.321872591972351074e-01 -2.471534162759780884e-01 2.644655108451843262e-01
5.100232958793640137e-01 -4.577236175537109375e-01 7.282618284225463867e-01
-5.100232958793640137e-01 -4.577236175537109375e-01 7.282617688179016113e-01
3.811382353305816650e-01 -5.605565309524536133e-01 7.351938486099243164e-01
-3.811382055282592773e-01 -5.605565905570983887e-01 7.351938486099243164e-01
4.545592963695526123e-01 -3.370898663997650146e-01 8.244672417640686035e-01
-4.545593559741973877e-01 -3.370898962020874023e-01 8.244672417640686035e-01
5.434977412223815918e-01 -3.086287677288055420e-01 7.806141376495361328e-01
-5.434977412223815918e-01 -3.086287677288055420e-01 7.806141376495361328e-01
3.871635198593139648e-01 -1.878347098827362061e-01 9.026752114295959473e-01
-3.871634602546691895e-01 -1.878347098827362061e-01 9.026752114295959473e-01
4.306515157222747803e-01 -1.449052691459655762e-01 8.908095955848693848e-01
-4.306515157222747803e-01 -1.449052840471267700e-01 8.908095955848693848e-01
2.340208292007446289e-01 -1.205637529492378235e-01 9.647272825241088867e-01
-2.340208292007446289e-01 -1.205637603998184204e-01 9.647272825241088867e-01
2.638450562953948975e-01 1.688046008348464966e-01 9.496792554855346680e-01
-2.638451159000396729e-01 1.688046455383300781e-01 9.496792554855346680e-01
-1.967406421899795532e-01 1.419118642807006836e-01 9.701310396194458008e-01
1.967406570911407471e-01 1.419118642807006836e-01 9.701310396194458008e-01
-1.422542612999677658e-03 -5.564254894852638245e-02 9.984496831893920898e-01
1.422555302269756794e-03 -5.564255639910697937e-02 9.984496831893920898e-01
1.432098299264907837e-01 -3.043913245201110840e-01 9.417201876640319824e-01
-1.432098299264907837e-01 -3.043913543224334717e-01 9.417201876640319824e-01
5.934930443763732910e-01 1.218699812889099121e-01 7.955586910247802734e-01
-5.934930443763732910e-01 1.218699812889099121e-01 7.955586910247802734e-01
5.720451474189758301e-01 -1.872754469513893127e-02 8.200082778930664062e-01
-5.720451474189758301e-01 -1.872754469513893127e-02 8.200082778930664062e-01
5.363411307334899902e-01 -2.124232351779937744e-01 8.168320059776306152e-01
-5.363411307334899902e-01 -2.124232053756713867e-01 8.168320059776306152e-01
3.577173054218292236e-01 -6.383447051048278809e-01 6.815822124481201172e-01
-3.577173054218292236e-01 -6.383447051048278809e-01 6.815822124481201172e-01
1.543153524398803711e-01 -7.541362643241882324e-01 6.383301019668579102e-01
-1.543153524398803711e-01 -7.541362643241882324e-01 6.383301019668579102e-01
-2.998661319253415058e-10 -7.434747219085693359e-01 6.687641143798828125e-01
3.308402440893587482e-09 1.086873840540647507e-02 9.999409317970275879e-01
5.136319494725150037e-11 -1.891496926546096802e-01 9.819482564926147461e-01
1.401354372501373291e-01 -9.119313210248947144e-02 9.859238862991333008e-01
-1.401354372501373291e-01 -9.119313210248947144e-02 9.859238862991333008e-01
-2.018624693155288696e-01 -2.776048183441162109e-01 9.392482042312622070e-01
2.018624693155288696e-01 -2.776048183441162109e-01 9.392482042312622070e-01
-2.929470837116241455e-01 -1.741160303354263306e-01 9.401412010192871094e-01
2.929470837116241455e-01 -1.741160452365875244e-01 9.401413202285766602e-01
1.883857250213623047e-01 -4.016339033842086792e-02 9.812734723091125488e-01
-1.883857250213623047e-01 -4.016339033842086792e-02 9.812734723091125488e-01
1.243714615702629089e-01 9.698072448372840881e-03 9.921883344650268555e-01
-1.243714392185211182e-01 9.698072448372840881e-03 9.921883344650268555e-01
0.000000000000000000e+00 -1.839780566115223337e-06 1.000000000000000000e+00
1.036820518329761853e-09 -3.367714285850524902e-01 9.415863752365112305e-01
5.560162663459777832e-01 -6.907038688659667969e-01 4.623570442199707031e-01
-5.560163259506225586e-01 -6.907038688659667969e-01 4.623571038246154785e-01
9.308322668075561523e-01 -1.809751689434051514e-01 3.174890577793121338e-01
-9.308322668075561523e-01 -1.809751689434051514e-01 3.174890577793121338e-01
6.435328722000122070e-01 7.408192157745361328e-01 1.924896836280822754e-01
-6.435328722000122070e-01 7.408192157745361328e-01 1.924896985292434692e-01
-1.942109167575836182e-01 9.357146620750427246e-01 2.944828867912292480e-01
1.942109018564224243e-01 9.357146620750427246e-01 2.944828867912292480e-01
-4.148369647793970216e-09 1.033920515328645706e-02 9.999465942382812500e-01
-2.477794736623764038e-01 5.682305693626403809e-01 7.846778631210327148e-01
2.477794736623764038e-01 5.682305097579956055e-01 7.846778631210327148e-01
3.969242274761199951e-01 5.349901318550109863e-01 7.458127737045288086e-01
-3.969242274761199951e-01 5.349901318550109863e-01 7.458127737045288086e-01
2.943347394466400146e-01 -1.845031082630157471e-01 9.377236366271972656e-01
-2.943347394466400146e-01 -1.845031082630157471e-01 9.377236366271972656e-01
2.218560576438903809e-01 -6.060589551925659180e-01 7.638536095619201660e-01
-2.218560576438903809e-01 -6.060588955879211426e-01 7.638536095619201660e-01
-1.808921901158555556e-09 -4.929634034633636475e-01 8.700500726699829102e-01
9.306592345237731934e-01 3.401593863964080811e-01 1.347773671150207520e-01
-9.306592345237731934e-01 3.401593863964080811e-01 1.347773820161819458e-01
6.929978728294372559e-01 -1.345025957562029362e-03 7.209383845329284668e-01
-6.929978728294372559e-01 -1.345017692074179649e-03 7.209383845329284668e-01
6.466936469078063965e-01 1.626233458518981934e-01 7.452120780944824219e-01
-6.466935873031616211e-01 1.626233160495758057e-01 7.452120780944824219e-01
9.393855929374694824e-01 3.260229825973510742e-01 1.061309427022933960e-01
-9.393855929374694824e-01 3.260230123996734619e-01 1.061309576034545898e-01
2.312145586103042660e-09 5.983726978302001953e-01 8.012179136276245117e-01
-4.059700965881347656e-01 6.436161994934082031e-01 6.488038301467895508e-01
4.059700965881347656e-01 6.436161994934082031e-01 6.488038301467895508e-01
-7.591463327407836914e-01 6.839147210121154785e-02 6.473170518875122070e-01
7.591463327407836914e-01 6.839147210121154785e-02 6.473170518875122070e-01
-1.318126767873764038e-01 -6.082927584648132324e-01 7.826911807060241699e-01
1.318126767873764038e-01 -6.082927584648132324e-01 7.826911807060241699e-01
7.363893383960373740e-10 -6.036326885223388672e-01 7.972624897956848145e-01
-3.492945730686187744e-01 -7.199441194534301758e-01 5.997280478477478027e-01
3.492945730686187744e-01 -7.199441194534301758e-01 5.997280478477478027e-01
-8.098507523536682129e-01 3.882855176925659180e-01 4.397455155849456787e-01
8.098507523536682129e-01 3.882855176925659180e-01 4.397455155849456787e-01
-1.736985892057418823e-01 2.157556116580963135e-01 9.608737826347351074e-01
1.736986041069030762e-01 2.157555818557739258e-01 9.608737826347351074e-01
1.696907947490444712e-09 7.322055101394653320e-01 6.810838580131530762e-01
2.466163486242294312e-01 -3.409376367926597595e-02 9.685133099555969238e-01
-2.466163486242294312e-01 -3.409376367926597595e-02 9.685133099555969238e-01
-6.732013076543807983e-02 -6.427777558565139771e-02 9.956587553024291992e-01
6.732012331485748291e-02 -6.427777558565139771e-02 9.956587553024291992e-01
1.467152535915374756e-01 -3.570975735783576965e-02 9.885339736938476562e-01
-1.467152535915374756e-01 -3.570974990725517273e-02 9.885339736938476562e-01
1.656821370124816895e-01 1.150914803147315979e-01 9.794402718544006348e-01
-1.656821370124816895e-01 1.150914803147315979e-01 9.794402718544006348e-01
7.455974817276000977e-02 -3.916477560997009277e-01 9.170893430709838867e-01
-7.455976307392120361e-02 -3.916477859020233154e-01 9.170893430709838867e-01
3.208580911159515381e-01 4.073761776089668274e-02 9.462507963180541992e-01
-3.208580613136291504e-01 4.073760658502578735e-02 9.462507963180541992e-01
1.197764500975608826e-01 -7.093619555234909058e-02 9.902634024620056152e-01
-1.197764277458190918e-01 -7.093619555234909058e-02 9.902634024620056152e-01
3.142254948616027832e-01 -1.324302256107330322e-01 9.400662183761596680e-01
-3.142254948616027832e-01 -1.324302256107330322e-01 9.400662183761596680e-01
2.033347189426422119e-01 9.255027770996093750e-02 9.747253656387329102e-01
-2.033347189426422119e-01 9.255028516054153442e-02 9.747253656387329102e-01
1.879379302263259888e-01 -9.161937236785888672e-02 9.778984189033508301e-01
-1.879379302263259888e-01 -9.161937236785888672e-02 9.778984189033508301e-01
2.009272016584873199e-02 -7.296460866928100586e-02 9.971320629119873047e-01
-2.009273134171962738e-02 -7.296460866928100586e-02 9.971320629119873047e-01
4.658533632755279541e-01 -8.035226911306381226e-02 8.812060356140136719e-01
-4.658533632755279541e-01 -8.035226911306381226e-02 8.812060356140136719e-01
2.098187953233718872e-01 -1.199641600251197815e-01 9.703528881072998047e-01
-2.098187953233718872e-01 -1.199641674757003784e-01 9.703528881072998047e-01
4.541047811508178711e-01 -4.617838263511657715e-01 7.619346976280212402e-01
-4.541047811508178711e-01 -4.617838263511657715e-01 7.619346976280212402e-01
7.371340394020080566e-01 -2.441949695348739624e-01 6.300811171531677246e-01
-7.371340394020080566e-01 -2.441949695348739624e-01 6.300811171531677246e-01
4.302934110164642334e-01 5.566229224205017090e-01 7.106465101242065430e-01
-4.302934110164642334e-01 5.566229224205017090e-01 7.106465101242065430e-01
9.099398553371429443e-02 5.973593592643737793e-01 7.967947721481323242e-01
-9.099397808313369751e-02 5.973593592643737793e-01 7.967947721481323242e-01
-1.659313887357711792e-01 6.093695163726806641e-01 7.753292918205261230e-01
1.659313887357711792e-01 6.093695163726806641e-01 7.753292918205261230e-01
-2.693013846874237061e-01 2.416893392801284790e-01 9.322354793548583984e-01
2.693013846874237061e-01 2.416893541812896729e-01 9.322354793548583984e-01
-4.200789034366607666e-01 -1.189959719777107239e-01 8.996520042419433594e-01
4.200789034366607666e-01 -1.189959719777107239e-01 8.996520042419433594e-01
-2.261590659618377686e-01 -6.065975427627563477e-01 7.621623873710632324e-01
2.261590659618377686e-01 -6.065975427627563477e-01 7.621623873710632324e-01
-2.326389104127883911e-01 -7.460547089576721191e-01 6.239242553710937500e-01
2.326388955116271973e-01 -7.460547089576721191e-01 6.239242553710937500e-01
3.044245541095733643e-01 -3.345595300197601318e-01 8.918495774269104004e-01
-3.044245541095733643e-01 -3.345595598220825195e-01 8.918495178222656250e-01
1.212577000260353088e-01 -3.138702511787414551e-01 9.416911005973815918e-01
-1.212577000260353088e-01 -3.138702511787414551e-01 9.416911005973815918e-01
7.096799612045288086e-01 2.618471384048461914e-01 6.540569663047790527e-01
-7.096799612045288086e-01 2.618471384048461914e-01 6.540569663047790527e-01
8.097391128540039062e-01 -1.023467164486646652e-02 5.867008566856384277e-01
-8.097391128540039062e-01 -1.023467164486646652e-02 5.867008566856384277e-01
-5.089737772941589355e-01 8.167501688003540039e-01 -2.717808783054351807e-01
5.089737772941589355e-01 8.167501688003540039e-01 -2.717808783054351807e-01
-5.434176325798034668e-01 5.932675600051879883e-01 -5.939114689826965332e-01
5.434176325798034668e-01 5.932675004005432129e-01 -5.939114689826965332e-01
1.532510668039321899e-01 6.407700181007385254e-01 -7.522818446159362793e-01
-1.532510668039321899e-01 6.407700181007385254e-01 -7.522818446159362793e-01
2.435648292303085327e-01 8.545475602149963379e-01 -4.587207138538360596e-01
-2.435647994279861450e-01 8.545475602149963379e-01 -4.587207138538360596e-01
3.631163239479064941e-01 9.085793495178222656e-01 -2.064704149961471558e-01
-3.631163239479064941e-01 9.085793495178222656e-01 -2.064704000949859619e-01
6.656540036201477051e-01 6.025102734565734863e-01 -4.403249919414520264e-01
-6.656540036201477051e-01 6.025103330612182617e-01 -4.403249919414520264e-01
9.532095193862915039e-01 -2.483051717281341553e-01 -1.724415719509124756e-01
-9.532095193862915039e-01 -2.483052015304565430e-01 -1.724416166543960571e-01
5.471693873405456543e-01 -8.321917653083801270e-01 -8.979178220033645630e-02
-5.471693873405456543e-01 -8.321917653083801270e-01 -8.979178220033645630e-02
4.758731722831726074e-01 -8.762772083282470703e-01 7.538435608148574829e-02
-4.758731722831726074e-01 -8.762772083282470703e-01 7.538437098264694214e-02
1.557871942559074796e-09 7.586980462074279785e-01 6.514424681663513184e-01
1.077709033125984206e-09 9.996713399887084961e-01 2.563723362982273102e-02
-3.618410016059669942e-09 -6.482686996459960938e-01 -7.614116668701171875e-01
2.392396725170442551e-09 -9.843519330024719238e-01 -1.762134879827499390e-01
-8.497286207997944985e-10 -9.158725142478942871e-01 -4.014692306518554688e-01
-6.226371640494221538e-10 -3.368312418460845947e-01 -9.415650367736816406e-01
-1.450643605238610689e-09 -1.757321804761886597e-01 -9.844380617141723633e-01
7.844075944341000195e-10 -7.363789081573486328e-01 -6.765693426132202148e-01
9.875535964965820312e-01 -1.230211406946182251e-01 9.799882769584655762e-02
-9.875535964965820312e-01 -1.230211406946182251e-01 9.799882024526596069e-02
9.966509342193603516e-01 -2.981907874345779419e-02 -7.614210247993469238e-02
-9.966509342193603516e-01 -2.981907315552234650e-02 -7.614209502935409546e-02
6.260819435119628906e-01 -2.686474472284317017e-03 -7.797526717185974121e-01
-6.260819435119628906e-01 -2.686474472284317017e-03 -7.797526121139526367e-01
4.473308622837066650e-01 2.295548170804977417e-01 -8.644071221351623535e-01
-4.473308622837066650e-01 2.295548319816589355e-01 -8.644071221351623535e-01
7.245401144027709961e-01 -6.849561333656311035e-01 7.666005939245223999e-02
-7.245399951934814453e-01 -6.849561333656311035e-01 7.666004449129104614e-02
3.305733799934387207e-01 -9.432607889175415039e-01 3.131026402115821838e-02
-3.305733799934387207e-01 -9.432607889175415039e-01 3.131026402115821838e-02
3.461509943008422852e-01 -6.372932195663452148e-01 -6.885033249855041504e-01
-3.461509048938751221e-01 -6.372931599617004395e-01 -6.885033249855041504e-01
4.482961893081665039e-01 -3.678793311119079590e-01 -8.146749734878540039e-01
-4.482961893081665039e-01 -3.678793609142303467e-01 -8.146749734878540039e-01
9.072532057762145996e-01 2.526243031024932861e-01 -3.362627029418945312e-01
-9.072532057762145996e-01 2.526243031024932861e-01 -3.362627029418945312e-01
6.852965354919433594e-01 -5.831524729728698730e-01 -4.362360537052154541e-01
-6.852964758872985840e-01 -5.831524729728698730e-01 -4.362360537052154541e-01
6.372619867324829102e-01 9.333449602127075195e-02 -7.649744153022766113e-01
-6.372619867324829102e-01 9.333449602127075195e-02 -7.649743556976318359e-01
8.125795722007751465e-01 -1.072800718247890472e-03 -5.828492045402526855e-01
-8.125795722007751465e-01 -1.072795013897120953e-03 -5.828492045402526855e-01
5.068678855895996094e-01 -4.881741106510162354e-01 -7.104724049568176270e-01
-5.068678259849548340e-01 -4.881741404533386230e-01 -7.104723453521728516e-01
1.425319015979766846e-01 -1.473080515861511230e-01 -9.787670969963073730e-01
-1.425319015979766846e-01 -1.473080515861511230e-01 -9.787670969963073730e-01
2.725533843040466309e-01 -3.011831343173980713e-01 -9.137852191925048828e-01
-2.725533545017242432e-01 -3.011831045150756836e-01 -9.137851595878601074e-01
9.094045311212539673e-02 -7.763336896896362305e-01 -6.237272620201110840e-01
-9.094046056270599365e-02 -7.763336896896362305e-01 -6.237272620201110840e-01
9.814296960830688477e-01 -1.867133080959320068e-01 4.397406056523323059e-02
-9.814296960830688477e-01 -1.867133080959320068e-01 4.397404938936233521e-02
8.769557476043701172e-01 -1.638408303260803223e-01 4.517794549465179443e-01
-8.769557476043701172e-01 -1.638408452272415161e-01 4.517794549465179443e-01
8.505219817161560059e-01 -5.255312323570251465e-01 -2.071811817586421967e-02
-8.505219817161560059e-01 -5.255312323570251465e-01 -2.071812376379966736e-02
5.698287487030029297e-01 -8.217260241508483887e-01 7.841013371944427490e-03
-5.698287487030029297e-01 -8.217260241508483887e-01 7.841015234589576721e-03
5.600467324256896973e-01 -8.144438266754150391e-01 -1.517529934644699097e-01
-5.600467324256896973e-01 -8.144438862800598145e-01 -1.517529934644699097e-01
5.130934715270996094e-01 -6.746802926063537598e-01 -5.306049585342407227e-01
-5.130934715270996094e-01 -6.746802926063537598e-01 -5.306049585342407227e-01
3.917587697505950928e-01 8.260190486907958984e-01 -4.052376747131347656e-01
-3.917587697505950928e-01 8.260190486907958984e-01 -4.052376747131347656e-01
4.928670525550842285e-01 8.690371513366699219e-01 4.308926686644554138e-02
-4.928670525550842285e-01 8.690371513366699219e-01 4.308926314115524292e-02
4.807108044624328613e-01 7.312499284744262695e-01 4.839325249195098877e-01
-4.807108044624328613e-01 7.312499284744262695e-01 4.839325249195098877e-01
3.226559162139892578e-01 8.477171659469604492e-01 4.210329055786132812e-01
-3.226559460163116455e-01 8.477171659469604492e-01 4.210329949855804443e-01
7.661908268928527832e-01 6.348424553871154785e-01 9.963312000036239624e-02
-7.661908268928527832e-01 6.348424553871154785e-01 9.963312745094299316e-02
4.892477393150329590e-01 7.629745006561279297e-01 4.225003719329833984e-01
-4.892477095127105713e-01 7.629745006561279297e-01 4.225003421306610107e-01
6.450475454330444336e-01 6.945452094078063965e-01 3.186230659484863281e-01
-6.450475454330444336e-01 6.945452094078063965e-01 3.186230659484863281e-01
7.487624287605285645e-01 5.184098482131958008e-01 4.130448102951049805e-01
-7.487624287605285645e-01 5.184098482131958008e-01 4.130448102951049805e-01
8.731601834297180176e-01 4.870114326477050781e-01 -2.027713693678379059e-02
-8.731601834297180176e-01 4.870114326477050781e-01 -2.027713879942893982e-02
6.794344186782836914e-01 7.289726138114929199e-01 -8.347355574369430542e-02
-6.794344186782836914e-01 7.289726138114929199e-01 -8.347355574369430542e-02
6.443989872932434082e-01 5.272154808044433594e-01 -5.538896322250366211e-01
-6.443989872932434082e-01 5.272155404090881348e-01 -5.538896918296813965e-01
8.653634786605834961e-01 3.312368690967559814e-01 -3.760693371295928955e-01
-8.653634786605834961e-01 3.312368988990783691e-01 -3.760693371295928955e-01
6.153880953788757324e-01 -8.767078071832656860e-02 -7.833334803581237793e-01
-6.153880953788757324e-01 -8.767078071832656860e-02 -7.833334803581237793e-01
5.305438637733459473e-01 -5.394605994224548340e-01 -6.538390517234802246e-01
-5.305438637733459473e-01 -5.394605994224548340e-01 -6.538390517234802246e-01
6.812189221382141113e-01 6.294769048690795898e-01 3.737640678882598877e-01
-6.812188625335693359e-01 6.294769644737243652e-01 3.737641274929046631e-01
5.634719729423522949e-01 -8.145796060562133789e-01 1.376932710409164429e-01
-5.634719133377075195e-01 -8.145796060562133789e-01 1.376932859420776367e-01
5.435073375701904297e-01 -8.133875131607055664e-01 -2.073658406734466553e-01
-5.435073375701904297e-01 -8.133874535560607910e-01 -2.073658406734466553e-01
-1.277105212211608887e-01 7.037808895111083984e-01 6.988435983657836914e-01
1.277105361223220825e-01 7.037808895111083984e-01 6.988435983657836914e-01
7.369466871023178101e-02 -5.950092077255249023e-01 8.003331422805786133e-01
-7.369466125965118408e-02 -5.950092077255249023e-01 8.003331422805786133e-01
5.302444696426391602e-01 -6.557803153991699219e-01 5.373946428298950195e-01
-5.302444696426391602e-01 -6.557803153991699219e-01 5.373946428298950195e-01
6.620449423789978027e-01 -4.137932062149047852e-01 6.248772740364074707e-01
-6.620449423789978027e-01 -4.137932062149047852e-01 6.248772740364074707e-01
7.163978219032287598e-01 2.044774144887924194e-01 6.670554280281066895e-01
-7.163978219032287598e-01 2.044774293899536133e-01 6.670554280281066895e-01
3.611632883548736572e-01 8.487121462821960449e-01 3.863272070884704590e-01
-3.611632883548736572e-01 8.487122058868408203e-01 3.863272070884704590e-01
3.156780824065208435e-02 8.387299180030822754e-01 5.436318516731262207e-01
-3.156780824065208435e-02 8.387298583984375000e-01 5.436318516731262207e-01
5.727474689483642578e-01 -8.845492452383041382e-02 8.149453997611999512e-01
-5.727474689483642578e-01 -8.845492452383041382e-02 8.149453997611999512e-01
2.918304502964019775e-01 -1.521299034357070923e-01 9.442941546440124512e-01
-2.918304204940795898e-01 -1.521298885345458984e-01 9.442941546440124512e-01
-2.396891564130783081e-01 -1.286225318908691406e-01 9.622917175292968750e-01
2.396891713142395020e-01 -1.286225318908691406e-01 9.622917771339416504e-01
-1.870267540216445923e-01 3.706971406936645508e-01 9.097277522087097168e-01
1.870267540216445923e-01 3.706971406936645508e-01 9.097277522087097168e-01
4.557936489582061768e-01 4.231892228126525879e-01 7.830472588539123535e-01
-4.557936489582061768e-01 4.231892228126525879e-01 7.830472588539123535e-01
3.415809571743011475e-01 4.521462321281433105e-01 8.239454627037048340e-01
-3.415810167789459229e-01 4.521462917327880859e-01 8.239454627037048340e-01
4.146966934204101562e-01 -5.989719182252883911e-02 9.079862236976623535e-01
-4.146966934204101562e-01 -5.989719182252883911e-02 9.079862236976623535e-01
6.900595426559448242e-01 -5.532203316688537598e-01 4.666530787944793701e-01
-6.900595426559448242e-01 -5.532203316688537598e-01 4.666531085968017578e-01
1.375313699245452881e-01 9.058244228363037109e-01 4.007082581520080566e-01
-1.375313848257064819e-01 9.058244228363037109e-01 4.007082581520080566e-01
-1.461969614028930664e-01 9.486572742462158203e-01 2.804921269416809082e-01
1.461969763040542603e-01 9.486572742462158203e-01 2.804921269416809082e-01
-7.237524390220642090e-01 6.900398731231689453e-01 -5.230766721069812775e-03
7.237524390220642090e-01 6.900398731231689453e-01 -5.230758339166641235e-03
-9.946960806846618652e-01 -7.801251113414764404e-02 6.703628599643707275e-02
9.946959614753723145e-01 -7.801249623298645020e-02 6.703627854585647583e-02
-2.009456455707550049e-01 -7.581411600112915039e-01 6.203569769859313965e-01
2.009456604719161987e-01 -7.581411600112915039e-01 6.203569769859313965e-01
5.412703752517700195e-01 -6.726839542388916016e-01 5.045024156570434570e-01
-5.412703752517700195e-01 -6.726839542388916016e-01 5.045024156570434570e-01
7.552203536033630371e-01 -2.410406470298767090e-01 6.095421314239501953e-01
-7.552203536033630371e-01 -2.410406470298767090e-01 6.095421910285949707e-01
7.113152146339416504e-01 -6.383541226387023926e-01 2.941680252552032471e-01
-7.113152146339416504e-01 -6.383541226387023926e-01 2.941680252552032471e-01
7.439841628074645996e-01 -2.292906492948532104e-02 6.678037047386169434e-01
-7.439841628074645996e-01 -2.292907051742076874e-02 6.678037047386169434e-01
4.662442207336425781e-01 8.088871240615844727e-01 3.582150042057037354e-01
-4.662442207336425781e-01 8.088871240615844727e-01 3.582150042057037354e-01
8.274710178375244141e-01 -1.359064280986785889e-01 5.448129177093505859e-01
-8.274710178375244141e-01 -1.359064280986785889e-01 5.448129773139953613e-01
4.640321731567382812e-01 6.866864562034606934e-01 5.595853328704833984e-01
-4.640321433544158936e-01 6.866864562034606934e-01 5.595853328704833984e-01
8.882004618644714355e-01 -4.399650990962982178e-01 -1.324032098054885864e-01
-8.882004618644714355e-01 -4.399650990962982178e-01 -1.324032098054885864e-01
5.885462760925292969e-01 2.269692569971084595e-01 7.759498357772827148e-01
-5.885462760925292969e-01 2.269692718982696533e-01 7.759498357772827148e-01
9.115573763847351074e-01 -1.152767017483711243e-01 3.946827650070190430e-01
-9.115573763847351074e-01 -1.152766942977905273e-01 3.946827352046966553e-01
8.249443173408508301e-01 -4.834824204444885254e-01 2.927656471729278564e-01
-8.249443173408508301e-01 -4.834824204444885254e-01 2.927656471729278564e-01
7.097804546356201172e-01 -5.020215511322021484e-01 4.941519796848297119e-01
-7.097803354263305664e-01 -5.020215511322021484e-01 4.941519200801849365e-01
7.043381333351135254e-01 -5.268833041191101074e-01 4.757118821144104004e-01
-7.043380737304687500e-01 -5.268833041191101074e-01 4.757118523120880127e-01
7.507290244102478027e-01 1.115582138299942017e-01 6.511227488517761230e-01
-7.507289052009582520e-01 1.115582138299942017e-01 6.511226892471313477e-01
2.779592275619506836e-01 2.602090537548065186e-01 9.246782660484313965e-01
-2.779592275619506836e-01 2.602090537548065186e-01 9.246782660484313965e-01
5.542270541191101074e-01 3.872193694114685059e-01 7.368131279945373535e-01
-5.542269945144653320e-01 3.872193098068237305e-01 7.368131279945373535e-01
8.143445849418640137e-01 2.534519433975219727e-01 5.221158266067504883e-01
-8.143445849418640137e-01 2.534519135951995850e-01 5.221158266067504883e-01
4.379240274429321289e-01 -2.940174341201782227e-01 8.495742678642272949e-01
-4.379240274429321289e-01 -2.940174043178558350e-01 8.495742082595825195e-01
4.689054787158966064e-01 -3.047336935997009277e-01 8.290144801139831543e-01
-4.689054787158966064e-01 -3.047336935997009277e-01 8.290144801139831543e-01
-3.083165735006332397e-03 -3.309101760387420654e-01 9.436572790145874023e-01
3.083165735006332397e-03 -3.309101760387420654e-01 9.436572790145874023e-01
-5.509851574897766113e-01 -1.381066143512725830e-01 8.230078220367431641e-01
5.509851574897766113e-01 -1.381066292524337769e-01 8.230078220367431641e-01
-6.085506081581115723e-01 2.961329519748687744e-01 7.361871004104614258e-01
6.085506081581115723e-01 2.961329221725463867e-01 7.361870408058166504e-01
2.577217519283294678e-01 6.000339984893798828e-01 7.573234438896179199e-01
-2.577217221260070801e-01 6.000339984893798828e-01 7.573233842849731445e-01
-4.178527370095252991e-02 9.272416234016418457e-01 3.721248209476470947e-01
4.178527370095252991e-02 9.272416234016418457e-01 3.721248209476470947e-01
6.291799545288085938e-01 -3.714658915996551514e-01 6.827486753463745117e-01
-6.291799545288085938e-01 -3.714659214019775391e-01 6.827486157417297363e-01
1.838063150644302368e-01 3.686195611953735352e-02 9.822710156440734863e-01
-1.838063150644302368e-01 3.686195611953735352e-02 9.822710156440734863e-01
3.278207480907440186e-01 1.699330806732177734e-01 9.293310642242431641e-01
-3.278207778930664062e-01 1.699330955743789673e-01 9.293310642242431641e-01
4.455025792121887207e-01 -8.880277723073959351e-02 8.908656239509582520e-01
-4.455025494098663330e-01 -8.880276978015899658e-02 8.908656239509582520e-01
3.266814947128295898e-01 -1.624261727556586266e-03 9.451330900192260742e-01
-3.266814947128295898e-01 -1.624260097742080688e-03 9.451330900192260742e-01
3.088059425354003906e-01 1.346386969089508057e-01 9.415473341941833496e-01
-3.088059425354003906e-01 1.346386969089508057e-01 9.415473341941833496e-01
3.159821629524230957e-01 -1.023150682449340820e-01 9.432321190834045410e-01
-3.159821927547454834e-01 -1.023150756955146790e-01 9.432321190834045410e-01
4.375042915344238281e-01 1.251792651601135731e-03 8.992155194282531738e-01
-4.375042617321014404e-01 1.251792535185813904e-03 8.992155194282531738e-01
2.515738010406494141e-01 2.608111798763275146e-01 9.320343732833862305e-01
-2.515738010406494141e-01 2.608111798763275146e-01 9.320343732833862305e-01
-3.780705928802490234e-01 5.600573420524597168e-01 -7.371556758880615234e-01
3.780706226825714111e-01 5.600573420524597168e-01 -7.371556758880615234e-01
4.730713367462158203e-01 5.790134072303771973e-01 -6.640383601188659668e-01
-4.730713367462158203e-01 5.790134072303771973e-01 -6.640383601188659668e-01
9.924901127815246582e-01 2.865356206893920898e-02 -1.189220771193504333e-01
-9.924901127815246582e-01 2.865356206893920898e-02 -1.189220771193504333e-01
4.599989354610443115e-01 -3.802815079689025879e-01 -8.023633360862731934e-01
-4.599988758563995361e-01 -3.802814483642578125e-01 -8.023633360862731934e-01
-3.683078661561012268e-02 -7.084653973579406738e-01 -7.047838568687438965e-01
3.683078661561012268e-02 -7.084653973579406738e-01 -7.047838568687438965e-01
5.991195514798164368e-02 -8.047270178794860840e-01 -5.906140804290771484e-01
-5.991196632385253906e-02 -8.047270178794860840e-01 -5.906140804290771484e-01
-5.937477946281433105e-01 5.952860116958618164e-01 -5.413854122161865234e-01
5.937477350234985352e-01 5.952860116958618164e-01 -5.413854122161865234e-01
