0.087599 0.698760 -0.709972
-0.087599 0.698760 0.709972
-0.548465 0.575254 -0.606852
-0.886787 0.297082 0.354051
0.886787 0.297082 -0.354051
0.548464 0.575254 0.606852
-0.697611 -0.660125 -0.278522
-0.602786 -0.437969 0.666957
-0.080490 -0.753631 -0.652350
0.080490 -0.753631 0.652350
0.697611 -0.660125 0.278522
0.602786 -0.437969 -0.666957
-0.483801 0.532296 -0.694692
0.156682 -0.262533 0.952117
0.031138 -0.651174 0.758289
0.019816 -0.478829 0.877684
0.479793 0.602870 -0.637453
-0.337368 -0.827075 -0.449589
-0.506426 -0.833066 0.222562
0.051453 -0.768547 -0.637721
-0.051453 -0.768548 0.637720
0.337368 -0.827075 0.449588
0.506426 -0.833066 -0.222563
-0.355471 -0.262073 -0.897194
-0.042100 0.262187 0.964098
0.012750 -0.459646 -0.888011
-0.019271 0.404462 0.914352
-0.141677 0.109050 0.983888
0.301489 -0.366923 -0.880041
-0.051453 -0.768547 -0.637721
0.051453 -0.768548 0.637720
-0.619878 -0.735893 -0.272422
-0.505953 -0.537958 0.674250
0.619877 -0.735893 0.272422
0.505953 -0.537957 -0.674251
0.023816 0.955131 0.295225
0.233709 0.967021 0.101245
-0.173970 0.963940 0.201380
0.030635 -0.651434 0.758086
0.372895 -0.524305 0.765542
-0.556505 -0.368758 0.744527
-0.065131 -0.810916 0.581527
0.045815 0.604054 0.795625
0.325929 0.154872 0.932622
-0.412811 -0.018920 0.910620
0.398332 -0.321755 0.858956
-0.298383 -0.471124 0.830066
-0.515543 0.741236 -0.429866
-0.406712 0.213068 0.888362
-0.019610 0.405879 0.913716
0.581523 0.000429 0.813530
0.770149 0.120328 -0.626412
-0.051833 -0.762813 -0.644539
-0.473325 -0.697401 -0.538140
0.342176 -0.733511 -0.587262
0.058295 0.666177 -0.743512
-0.464964 0.480001 -0.743913
0.514401 0.669650 -0.535687
-0.022596 0.956268 0.291619
-0.014928 -0.456034 -0.889837
-0.353685 0.923159 0.150613
0.192345 0.951658 0.239481
-0.363310 -0.474372 -0.801859
0.380949 -0.282602 -0.880349
-0.023134 0.955319 0.294669
0.456036 0.850101 0.263363
-0.780981 0.596528 0.184996
0.012230 -0.987756 0.155528
0.640031 -0.759897 0.113654
-0.364743 -0.920243 0.141829
0.018838 -0.996615 0.080023
-0.646858 -0.679032 0.347117
0.690915 -0.653170 0.309847
-0.016127 0.930220 0.366649
-0.554447 0.698118 0.453013
0.514741 0.701087 0.493476
0.013767 0.337720 0.941146
-0.400064 -0.327881 0.855829
0.103344 -0.647316 0.755183
-0.026860 -0.617555 0.786069
-0.058892 0.469964 0.880719
0.358479 0.262953 0.895739
-0.012673 0.334501 0.942310
0.028001 -0.620107 0.784017
0.449735 0.007662 0.893129
-0.365106 0.323988 0.872771
0.319516 -0.631871 0.706150
-0.431905 -0.359914 0.826995
-0.035328 0.829903 0.556789
-0.343560 0.895233 -0.283768
-0.322658 -0.907163 0.270088
-0.015632 -0.841405 -0.540179
0.910904 0.198386 0.361796
0.570062 0.514869 -0.640265
0.496876 -0.696583 0.517578
0.714547 -0.649962 -0.258791
-0.373443 -0.872972 0.313784
0.001118 -0.840766 -0.541397
0.687059 -0.686861 0.237007
0.736382 -0.443756 -0.510708
-0.091987 -0.725330 0.682228
-0.688422 -0.587449 -0.425415
0.899791 -0.205428 0.384936
0.545185 -0.543443 -0.638313
-0.744947 0.583163 0.323999
-0.387619 0.428588 -0.816127
0.703380 0.675946 0.219895
0.826142 0.442733 -0.348536
-0.322656 -0.907162 0.270091
-0.015628 -0.841406 -0.540177
0.496880 -0.696577 0.517581
0.714549 -0.649960 -0.258790
-0.003033 -0.857250 0.514891
-0.295459 -0.920039 -0.257354
0.935001 -0.065544 0.348537
0.918521 -0.328579 -0.219896
-0.091989 -0.725329 0.682228
-0.688424 -0.587447 -0.425415
0.899791 -0.205429 0.384936
0.545184 -0.543443 -0.638313
-0.637512 -0.136993 0.758163
0.882636 0.219504 0.415659
0.895113 0.161242 -0.415659
-0.637698 -0.136123 -0.758163
-0.029039 0.819929 0.571728
-0.356512 0.893250 -0.273867
0.682299 -0.648502 0.337511
0.712991 -0.680881 -0.167467
0.665158 0.079999 -0.742405
0.439199 0.392147 0.808286
0.485436 0.397619 0.778621
0.631601 0.087977 -0.770286
-0.701209 0.566139 0.433350
-0.086297 0.698308 -0.710577
0.609339 -0.466849 0.640904
0.255488 -0.880115 -0.400154
0.368384 0.547179 0.751590
0.253400 0.890292 -0.378376
0.541511 -0.777619 0.319491
0.517275 -0.612662 -0.597554
0.414147 0.060254 0.908214
0.402497 0.114649 -0.908213
0.035328 0.829903 -0.556789
0.343560 0.895233 0.283768
0.322658 -0.907163 -0.270088
0.015632 -0.841405 0.540179
-0.910904 0.198385 -0.361796
-0.570062 0.514869 0.640265
-0.496876 -0.696583 -0.517578
-0.714547 -0.649962 0.258791
0.373442 -0.872972 -0.313784
-0.001117 -0.840766 0.541398
-0.687059 -0.686861 -0.237007
-0.736382 -0.443756 0.510708
0.091987 -0.725330 -0.682228
0.688422 -0.587449 0.425415
-0.899791 -0.205428 -0.384936
-0.545185 -0.543443 0.638313
0.744947 0.583163 -0.323999
0.387619 0.428588 0.816127
-0.703380 0.675946 -0.219895
-0.826142 0.442733 0.348536
0.322656 -0.907162 -0.270091
0.015628 -0.841406 0.540177
-0.496880 -0.696577 -0.517581
-0.714549 -0.649960 0.258790
0.003033 -0.857250 -0.514891
0.295459 -0.920039 0.257354
-0.935001 -0.065544 -0.348537
-0.918521 -0.328579 0.219896
0.091989 -0.725329 -0.682228
0.688424 -0.587447 0.425415
-0.899791 -0.205429 -0.384936
-0.545184 -0.543443 0.638313
0.637512 -0.136993 -0.758163
-0.882636 0.219504 -0.415659
-0.895113 0.161242 0.415659
0.637698 -0.136123 0.758163
0.029038 0.819929 -0.571728
0.356512 0.893250 0.273867
-0.682299 -0.648502 -0.337511
-0.712991 -0.680881 0.167467
-0.439199 0.392147 -0.808286
-0.665158 0.079999 0.742405
-0.485436 0.397619 -0.778621
-0.631601 0.087977 0.770286
0.701209 0.566139 -0.433351
0.086297 0.698308 0.710577
-0.609339 -0.466849 -0.640904
-0.255488 -0.880115 0.400154
-0.368384 0.547179 -0.751590
-0.253400 0.890292 0.378376
-0.541511 -0.777619 -0.319491
-0.517275 -0.612662 0.597554
-0.414147 0.060254 -0.908214
-0.402497 0.114649 0.908213
-0.872465 0.000000 -0.488677
0.875938 0.000000 -0.482423
0.100400 -0.000003 0.994947
-0.917057 0.000000 0.398755
0.146523 -0.830169 -0.537913
-0.801784 -0.534522 -0.267261
-0.578278 -0.776124 0.251447
0.330874 -0.267249 0.905042
-0.357506 -0.805961 -0.471823
0.457829 -0.852734 -0.251470
0.136933 -0.854866 0.500453
-0.546106 -0.803506 0.236953
0.221347 -0.544596 -0.808963
-0.669157 -0.684053 -0.290344
-0.532160 -0.472806 0.702325
0.579641 -0.750101 0.318377
-0.380432 0.776123 0.502895
-0.801784 0.267261 -0.534522
-0.716095 -0.664024 -0.215129
0.071127 0.534511 0.842163
-0.380432 -0.776123 0.502895
0.295543 -0.685064 0.665838
-0.408391 0.816783 -0.407532
-0.578487 0.775701 0.252271
0.490188 0.333631 0.805237
-0.381275 -0.775701 0.502909
-0.667290 -0.333646 -0.665887
0.300010 -0.816770 0.492830
-0.262816 0.000000 -0.964846
0.957716 0.000000 -0.287717
0.603304 -0.000003 0.797511
-0.405697 -0.000003 0.914008
0.801784 -0.267261 -0.534522
-0.488346 -0.830169 -0.268957
-0.071127 -0.534511 0.842163
0.380432 -0.776123 0.502895
-0.136933 -0.854866 -0.500453
0.546106 -0.803506 -0.236953
0.357506 -0.805961 0.471823
-0.457829 -0.852734 0.251470
0.599329 -0.123162 -0.790972
-0.868293 -0.136423 -0.476924
-0.260990 -0.148525 0.953847
0.911479 -0.113127 0.395486
0.000000 -1.000000 0.000000
0.000000 -1.000000 0.000000
0.000000 -1.000000 0.000000
0.000000 -1.000000 0.000000
0.578278 0.776124 0.251447
0.578278 -0.776124 0.251447
0.801784 0.534522 -0.267261
-0.330874 0.267249 0.905042
0.696571 -0.602135 -0.390157
-0.070158 -0.715330 0.695256
0.381275 0.775701 0.502909
0.667290 0.333646 -0.665887
-0.300010 0.816770 0.492830
0.578487 -0.775701 0.252271
0.408391 -0.816783 -0.407532
-0.490188 -0.333631 0.805237
-0.522098 0.812024 -0.260828
0.801784 -0.267261 -0.534522
-0.466639 -0.494514 0.733283
-0.644937 0.253349 0.721020
0.259929 0.814028 -0.519418
-0.801784 -0.534522 -0.267261
0.644937 -0.253349 0.721020
0.466637 0.494513 0.733285
-0.078637 -0.575921 -0.813714
0.094758 -0.693980 0.713732
-0.094756 0.693976 0.713736
0.027812 0.887730 -0.459523
-0.801784 -0.267261 0.534522
0.522098 0.812024 0.260828
-0.259929 0.814028 0.519419
0.801784 -0.534522 0.267261
-0.027811 0.887733 0.459517
-0.035057 -0.256748 0.965842
-0.071751 0.525495 0.847766
0.071753 -0.525495 0.847766
-0.328116 -0.354360 0.875653
-0.433643 0.175219 0.883885
0.328116 0.354362 0.875653
0.433641 -0.175218 0.883886
-0.451718 -0.187330 -0.872272
-0.173987 -0.084860 0.981085
0.460144 0.838432 -0.292060
0.349679 -0.384238 -0.854451
-0.460144 0.838433 0.292056
0.562431 0.814353 0.143182
0.139986 -0.170759 0.975318
-0.562431 0.814353 -0.143184
-0.408248 -0.408248 -0.816497
-0.666667 -0.666667 0.333333
0.259929 0.814028 -0.519418
0.666667 -0.666667 -0.333333
-0.259929 0.814028 0.519419
0.522098 0.812024 0.260828
0.408248 -0.408248 0.816497
-0.522098 0.812024 -0.260828
0.688247 0.688247 -0.229416
0.639602 0.639602 0.426401
-0.688247 0.688247 0.229416
-0.639602 0.639602 -0.426401
0.267261 0.801784 -0.534522
0.534522 0.801784 0.267261
-0.267261 0.801784 0.534522
-0.534522 0.801784 -0.267261
-0.323835 0.690190 -0.647123
-0.801291 0.444619 0.400308
0.323835 0.690190 0.647123
0.801291 0.444619 -0.400308
0.801291 0.444619 -0.400308
0.323835 0.690190 0.647123
-0.801291 0.444619 0.400308
-0.323835 0.690190 -0.647123
0.035057 0.256748 0.965842
-0.139986 0.170759 0.975318
0.451718 0.187330 -0.872272
0.173987 0.084860 0.981085
-0.349679 0.384238 -0.854451
0.078637 0.575921 -0.813714
-0.027812 0.887730 -0.459523
0.027811 0.887733 0.459517
-0.598254 0.782225 0.173829
0.598254 0.782224 -0.173831
0.486110 0.751311 0.446351
-0.486109 0.751308 -0.446357
0.092341 -0.676288 -0.730827
-0.729371 -0.359191 -0.582237
0.711373 0.477344 -0.515840
0.732601 -0.200627 -0.650419
-0.711373 0.477344 -0.515840
-0.092342 0.676288 -0.730827
-0.078637 0.575921 -0.813714
0.078637 -0.575921 -0.813714
-0.424466 -0.466416 -0.776070
0.424466 0.466416 -0.776070
0.677813 -0.281092 -0.679380
-0.677814 0.281092 -0.679379
-0.791307 -0.360758 0.493647
-0.772799 0.490837 0.402320
0.733789 0.557997 0.387549
0.801308 -0.393817 0.450347
0.035897 0.857571 0.513112
-0.035897 -0.857571 0.513112
0.540819 -0.485414 0.686941
-0.195007 -0.632731 0.749416
-0.540818 0.485414 0.686942
0.195006 0.632726 0.749420
-0.504767 -0.203575 0.838908
0.504753 0.203571 0.838918
-0.412710 -0.165928 0.895622
-0.310693 0.334423 0.889736
0.412710 0.165928 0.895622
0.310692 -0.334424 0.889737
0.067643 0.495401 0.866027
-0.067643 -0.495402 0.866026
-0.525882 -0.212487 0.823588
-0.397821 0.429643 0.810645
0.650950 0.263026 0.712096
0.276769 -0.298906 0.913266
0.086078 0.630417 0.771470
-0.104276 -0.763697 0.637098
0.000270 0.490198 -0.871611
-0.000270 0.490198 0.871611
-0.432373 0.262147 -0.862747
-0.568823 0.050801 0.820890
0.432373 0.262146 0.862747
0.568822 0.050801 -0.820890
0.039470 -0.680493 -0.731691
-0.039471 -0.680491 0.731692
-0.532768 -0.339229 -0.775295
-0.363089 -0.524042 0.770420
0.532770 -0.339227 0.775295
0.363089 -0.524041 -0.770420
0.000000 -1.000000 0.000000
0.000000 -1.000000 0.000000
0.000000 -1.000000 0.000000
0.000000 -1.000000 0.000000
0.000000 -1.000000 0.000000
0.000000 -1.000000 0.000000
0.000000 -1.000000 0.000000
0.000000 -1.000000 0.000000
0.090538 0.681297 -0.726386
-0.509397 0.401946 -0.760890
-0.090538 0.681297 0.726386
0.509398 0.401945 0.760890
0.689790 0.085624 -0.718929
-0.689790 0.085623 0.718928
-0.033756 -0.907759 -0.418132
-0.495548 -0.679420 -0.541129
0.033756 -0.907758 0.418133
0.495548 -0.679420 0.541129
0.347146 -0.719224 -0.601835
-0.347147 -0.719223 0.601837
0.036653 -0.682893 0.729599
-0.001268 0.478784 0.877932
0.001268 0.478784 -0.877932
-0.036653 -0.682892 -0.729599
-0.640950 0.079492 -0.763456
0.640951 0.079492 0.763455
0.523024 0.477090 -0.706280
-0.523024 0.477089 0.706280
-0.406492 -0.731540 -0.547369
0.406493 -0.731542 0.547367
0.592684 -0.390737 -0.704308
-0.592685 -0.390737 0.704308
0.756569 0.557128 -0.342363
0.167201 0.293691 0.941164
-0.770169 0.407735 -0.490502
-0.496391 0.566744 0.657569
-0.026534 -0.842349 -0.538279
0.150152 -0.731138 0.665501
-0.933146 -0.270018 -0.237336
-0.503965 -0.571893 0.647269
0.839512 0.543340 0.000000
0.839513 0.543340 0.000000
0.839512 0.543340 0.000000
-0.740702 0.628516 0.237336
-0.770169 0.407735 -0.490502
-0.740702 0.628516 0.237336
0.249979 -0.968251 -0.000002
0.249979 -0.968251 -0.000002
0.249980 -0.968251 -0.000002
-0.869606 -0.056533 0.490500
-0.933146 -0.270018 -0.237336
-0.869606 -0.056533 0.490500
-0.209427 -0.977824 0.000007
-0.209428 -0.977824 -0.000002
-0.209418 -0.977826 -0.000007
-0.209415 -0.977827 0.000005
-0.209424 -0.977825 0.000007
-0.209429 -0.977824 -0.000002
-0.209420 -0.977826 -0.000007
-0.209413 -0.977827 0.000005
-0.209425 -0.977825 0.000007
-0.209429 -0.977824 -0.000002
-0.209419 -0.977826 -0.000007
-0.209414 -0.977827 0.000005
-0.209426 -0.977824 0.000007
-0.209428 -0.977824 -0.000002
-0.209418 -0.977826 -0.000007
-0.209414 -0.977827 0.000005
-0.222770 0.047710 0.973703
-0.222769 0.047711 0.973703
-0.222770 0.047710 0.973703
-0.222769 0.047711 0.973703
-0.774823 0.415951 -0.476062
-0.838584 -0.500228 -0.215754
-0.656600 0.754239 0.000004
-0.730728 0.682669 -0.000005
-0.656600 0.754239 0.000004
-0.786869 -0.617120 0.000004
-0.716647 -0.697437 -0.000000
-0.786869 -0.617120 0.000004
-0.429000 0.824118 -0.369848
-0.781506 -0.134198 -0.609294
-0.657991 0.442499 0.609296
-0.429000 0.824118 -0.369848
-0.657991 0.442499 0.609296
-0.728900 -0.576123 0.369847
-0.781506 -0.134198 -0.609294
-0.728900 -0.576123 0.369847
-0.451725 0.444773 0.773383
-0.328800 0.382930 -0.863281
0.408542 0.378309 0.830648
0.740702 0.628516 -0.237336
0.075911 -0.714370 0.695638
-0.305323 -0.913424 -0.269135
0.653936 -0.476847 0.587355
0.869606 -0.056533 -0.490500
-0.839512 0.543340 0.000000
-0.839513 0.543340 0.000000
-0.839512 0.543340 0.000000
0.770169 0.407735 0.490502
0.740701 0.628516 -0.237336
0.770169 0.407735 0.490502
-0.249979 -0.968251 0.000002
-0.249979 -0.968251 0.000002
-0.249980 -0.968251 0.000002
0.933146 -0.270018 0.237336
0.869606 -0.056533 -0.490500
0.933146 -0.270018 0.237336
0.209427 -0.977824 -0.000007
0.209428 -0.977824 0.000002
0.209418 -0.977826 0.000007
0.209415 -0.977827 -0.000005
0.209424 -0.977825 -0.000007
0.209429 -0.977824 0.000002
0.209420 -0.977826 0.000007
0.209413 -0.977827 -0.000005
0.209425 -0.977825 -0.000007
0.209429 -0.977824 0.000002
0.209419 -0.977826 0.000007
0.209414 -0.977827 -0.000005
0.209426 -0.977824 -0.000007
0.209428 -0.977824 0.000002
0.209418 -0.977826 0.000007
0.209414 -0.977827 -0.000005
0.222769 0.047713 0.973703
0.222768 0.047712 0.973703
0.222769 0.047713 0.973703
0.222768 0.047712 0.973703
0.730728 0.682669 0.000005
0.698296 0.671329 -0.248393
0.716647 -0.697436 0.000000
0.805753 -0.444332 -0.391575
0.730728 0.682669 0.000005
0.656600 0.754239 -0.000004
0.716646 -0.697437 0.000000
0.786869 -0.617120 -0.000004
0.429000 0.824118 0.369848
0.657991 0.442499 -0.609296
0.781506 -0.134198 0.609294
0.728900 -0.576123 -0.369847
0.429000 0.824118 0.369848
0.657991 0.442499 -0.609296
0.781506 -0.134198 0.609294
0.728900 -0.576123 -0.369847
0.875451 0.198351 0.440730
-0.368360 0.816467 0.444627
-0.955014 -0.228074 -0.189552
0.337964 -0.905108 -0.257991
0.170089 0.436974 0.883246
-0.729120 0.453080 0.512936
-0.650008 -0.607636 0.456364
0.694750 -0.557509 0.454430
0.773870 -0.474030 -0.420026
0.186504 -0.279648 0.941814
-0.912205 -0.101144 0.397054
-0.372418 -0.150390 -0.915799
0.699268 -0.261113 -0.665466
0.541281 -0.310011 0.781606
-0.663742 -0.040110 -0.746886
-0.780239 0.061623 0.622439
0.745156 -0.034096 -0.666017
0.621355 -0.031141 0.782910
-0.624045 0.229657 -0.746877
-0.731838 0.276198 0.622999
0.667496 -0.297027 -0.682806
0.573192 -0.168354 0.801940
-0.637690 0.092933 -0.764666
-0.768985 0.017638 0.639023
0.150219 -0.816990 -0.556742
0.403565 -0.844098 0.353036
-0.734013 -0.581638 -0.350603
-0.524850 -0.659558 0.538067
0.756188 -0.483787 -0.440602
0.277998 -0.290343 0.915652
-0.900122 -0.115793 0.419967
-0.456338 -0.123436 -0.881203
0.657744 -0.259061 -0.707291
0.589046 -0.308600 0.746854
-0.705679 -0.020847 -0.708225
-0.744925 0.047867 0.665429
0.706179 -0.018536 -0.707791
0.663415 -0.045802 0.746849
-0.667222 0.233683 -0.707254
-0.693726 0.274197 0.666004
0.621817 -0.295714 -0.725188
0.619763 -0.176807 0.764613
-0.682060 0.104308 -0.723818
-0.730618 0.002411 0.682783
0.087687 -0.817372 -0.569397
0.431220 -0.831400 0.350461
-0.754458 -0.559058 -0.343872
-0.471573 -0.684110 0.556428
0.738752 -0.494612 -0.457826
0.365756 -0.299502 0.881204
-0.887997 -0.131646 0.440602
-0.533884 -0.097376 -0.839932
0.613695 -0.256740 -0.746634
0.635243 -0.308033 0.708225
-0.745204 -0.003294 -0.666828
-0.706150 0.033048 0.707291
0.664864 -0.001506 -0.746963
0.704402 -0.060084 0.707254
-0.707939 0.237376 -0.665187
-0.651827 0.272311 0.707791
0.572697 -0.295225 -0.764762
0.664952 -0.184189 0.723819
-0.723451 0.115717 -0.680609
-0.688386 -0.015105 0.725187
0.023504 -0.817327 -0.575694
0.459308 -0.819017 0.343872
-0.774643 -0.537326 -0.333481
-0.414763 -0.709760 0.569397
0.722377 -0.506378 -0.470907
0.447339 -0.306922 0.840051
-0.876538 -0.148357 0.457900
-0.603391 -0.072881 -0.794108
0.568457 -0.254339 -0.782412
0.678534 -0.308056 0.666853
-0.781246 0.012347 -0.624101
-0.664951 0.017474 0.746682
0.622538 0.016693 -0.782412
0.743017 -0.073627 0.665210
-0.745122 0.240573 -0.622028
-0.607198 0.270797 0.746980
0.521464 -0.295867 -0.800336
0.707439 -0.190363 0.680656
-0.760876 0.126780 -0.636392
-0.643344 -0.034777 0.764787
-0.040126 -0.816904 -0.575377
0.486816 -0.807290 0.333608
-0.793839 -0.517041 -0.320137
-0.356214 -0.735724 0.576039
0.810467 0.542367 0.221316
-0.476305 0.669686 0.569784
-0.807459 -0.589299 0.027131
0.545839 -0.748321 -0.376930
0.341511 0.524073 0.780204
-0.651783 0.184520 0.735616
-0.129799 -0.807903 0.574844
0.953605 -0.185465 0.237149
-0.722377 -0.506378 0.470907
-0.447339 -0.306922 -0.840051
0.876538 -0.148357 -0.457900
0.603391 -0.072881 0.794108
-0.568457 -0.254339 0.782412
-0.678534 -0.308056 -0.666853
0.781246 0.012347 0.624101
0.664951 0.017474 -0.746682
-0.622538 0.016693 0.782412
-0.743017 -0.073627 -0.665210
0.745122 0.240573 0.622028
0.607198 0.270797 -0.746980
-0.521464 -0.295867 0.800336
-0.707439 -0.190363 -0.680656
0.760876 0.126780 0.636392
0.643344 -0.034777 -0.764787
0.040126 -0.816904 0.575377
-0.486816 -0.807290 -0.333608
0.793839 -0.517041 0.320137
0.356214 -0.735724 -0.576039
-0.738752 -0.494612 0.457826
-0.365755 -0.299505 -0.881204
0.887997 -0.131648 -0.440602
0.533882 -0.097374 0.839933
-0.613696 -0.256739 0.746634
-0.635242 -0.308034 -0.708225
0.745203 -0.003293 0.666829
0.706150 0.033046 -0.707291
-0.664865 -0.001506 0.746962
-0.704403 -0.060081 -0.707253
0.707938 0.237376 0.665188
0.651826 0.272312 -0.707791
-0.572698 -0.295225 0.764761
-0.664952 -0.184187 -0.723819
0.723450 0.115717 0.680610
0.688386 -0.015102 -0.725188
-0.023507 -0.817327 0.575694
-0.459308 -0.819017 -0.343872
0.774642 -0.537327 0.333482
0.414763 -0.709760 -0.569397
-0.756189 -0.483785 0.440602
-0.277997 -0.290344 -0.915652
0.900122 -0.115794 -0.419966
0.456337 -0.123433 0.881204
-0.657744 -0.259059 0.707291
-0.589045 -0.308600 -0.746855
0.705679 -0.020846 0.708225
0.744926 0.047866 -0.665428
-0.706178 -0.018537 0.707791
-0.663414 -0.045801 -0.746849
0.667223 0.233679 0.707254
0.693727 0.274197 -0.666003
-0.621816 -0.295717 0.725188
-0.619761 -0.176806 -0.764615
0.682061 0.104307 0.723818
0.730618 0.002411 -0.682782
-0.087687 -0.817372 0.569397
-0.431219 -0.831400 -0.350461
0.754458 -0.559058 0.343872
0.471575 -0.684109 -0.556427
-0.773870 -0.474030 0.420026
-0.186504 -0.279648 -0.941814
0.912205 -0.101144 -0.397054
0.372418 -0.150390 0.915799
-0.699267 -0.261113 0.665466
-0.541281 -0.310011 -0.781606
0.663742 -0.040110 0.746886
0.780239 0.061623 -0.622439
-0.745156 -0.034096 0.666017
-0.621356 -0.031141 -0.782910
0.624045 0.229657 0.746877
0.731838 0.276198 -0.622999
-0.667496 -0.297027 0.682806
-0.573191 -0.168354 -0.801941
0.637690 0.092933 0.764666
0.768986 0.017637 -0.639023
-0.150219 -0.816990 0.556742
-0.403564 -0.844098 -0.353036
0.734013 -0.581638 0.350603
0.524851 -0.659557 -0.538067
0.335596 0.368362 -0.866997
-0.533891 0.820781 -0.203171
-0.626799 0.395938 0.671086
0.162081 0.643681 0.747934
0.626648 -0.013152 -0.779191
-0.754672 0.070695 0.652283
0.666007 0.019665 0.745687
0.626677 -0.026604 -0.778825
-0.278988 -0.569621 0.773109
0.502174 -0.322733 0.802287
0.380116 -0.650134 -0.657904
-0.670107 -0.574019 -0.470594
-0.780255 -0.624733 0.030176
0.892106 -0.449714 0.043639
-0.353204 0.665900 0.657133
0.594250 0.274912 0.755838
-0.629072 -0.498155 0.596750
0.428883 -0.659648 0.617190
0.089338 -0.534604 -0.840368
-0.563163 0.602291 -0.565767
-0.801805 -0.267331 0.534455
0.793490 0.604757 0.068132
-0.552891 0.533388 0.640163
0.544483 0.562866 0.621868
0.098773 -0.950408 -0.294904
-0.217707 -0.970319 -0.105286
-0.242713 -0.969963 0.016220
0.247137 -0.968963 0.005869
-0.151874 -0.936869 0.314979
0.209547 -0.967958 0.138374
0.880764 0.462024 0.103869
0.357842 0.683065 0.636688
-0.348789 0.696372 0.627226
-0.886888 0.450843 0.100847
0.552944 0.636617 -0.537562
-0.672744 0.573246 -0.467765
-0.726980 0.635847 0.259227
0.116709 0.639529 0.759856
0.684184 0.053878 0.727317
-0.725232 0.047745 0.686847
-0.809603 0.109758 0.576624
0.687005 0.280915 0.670157
-0.766339 0.076369 0.637882
0.678177 -0.008833 0.734846
-0.458043 0.837669 0.297502
0.566114 0.479427 0.670571
-0.666274 -0.396631 0.631477
0.386216 -0.811291 0.438913
0.380041 0.396097 -0.835869
-0.450559 0.666876 -0.593527
-0.708854 0.338602 0.618769
0.536902 0.014551 -0.843519
-0.705119 0.070647 0.705561
-0.706873 -0.031907 0.706620
0.539250 -0.039354 -0.841226
0.274923 0.560023 -0.781531
-0.894206 0.444762 0.050822
-0.370708 -0.778341 -0.506715
0.528904 0.054538 -0.846927
-0.778742 0.019805 -0.627032
-0.710468 0.018496 0.703486
-0.313727 0.824810 -0.470388
0.534202 -0.053278 -0.843676
-0.779334 -0.031093 -0.625836
-0.709179 -0.021408 0.704703
-0.575359 -0.776891 -0.255738
0.309916 0.863243 -0.398451
-0.607916 0.486890 0.627197
0.504631 -0.334595 -0.795861
-0.408501 -0.817482 0.406017
0.319934 0.821386 -0.472194
-0.093037 0.614709 -0.783247
-0.396030 0.409155 0.822042
0.348079 0.616569 0.706175
-0.625110 0.053330 -0.778713
-0.660432 0.021227 0.750586
0.749977 0.044332 0.659976
-0.626321 -0.052976 -0.777763
-0.234140 -0.559230 0.795261
0.535638 -0.331290 0.776749
0.563386 -0.602201 -0.565641
-0.552812 -0.636958 -0.537293
-0.793438 -0.607975 0.028669
0.892172 -0.449457 0.044926
-0.359902 0.664108 0.655310
0.588298 0.276480 0.759910
-0.632898 -0.496668 0.593936
0.423519 -0.661193 0.619238
0.801655 -0.534583 0.267527
0.670245 0.573698 -0.470789
-0.379822 0.650171 -0.658037
-0.794207 0.603606 0.069969
0.351602 0.684830 0.638266
-0.557614 0.531904 0.637295
0.198220 -0.937036 -0.287529
-0.190021 -0.973629 -0.126245
-0.242221 -0.970086 0.016167
0.231390 -0.972842 0.006056
-0.154905 -0.936475 0.314672
0.208695 -0.968043 0.139062
0.780247 0.621552 0.069908
0.540041 0.564169 0.624556
-0.354847 0.694693 0.625687
-0.886898 0.451102 0.099596
-0.349843 -0.267388 -0.897838
0.565543 0.602618 -0.563039
-0.442051 0.421857 0.791599
0.754839 0.408619 0.513077
0.730576 0.070160 0.679218
-0.690263 -0.012508 0.723450
-0.809089 0.115731 0.576178
0.699858 0.281880 0.656310
-0.647076 0.073907 0.758835
0.736548 0.013533 0.676250
-0.303516 0.871267 0.385709
0.710100 0.433134 0.555115
-0.622572 -0.380386 0.683894
0.391840 -0.828136 0.400815
0.824649 0.436179 -0.360143
-0.082497 0.614492 -0.784598
0.668772 0.503505 0.547016
0.705532 0.049173 0.706969
-0.536055 0.023614 -0.843852
0.705064 -0.032236 0.708411
-0.537675 -0.040438 -0.842182
-0.342824 0.492803 -0.799760
0.911781 0.400675 0.090083
0.574485 -0.778348 -0.253260
0.782195 0.018159 -0.622769
-0.534107 -0.013894 -0.845303
0.707421 0.101668 0.699442
0.527680 0.825120 -0.201819
0.779370 -0.032701 -0.625709
-0.535444 -0.026551 -0.844153
0.708855 -0.042778 0.704055
0.373990 -0.776893 -0.506526
-0.488641 0.439641 -0.753622
0.301087 0.874695 0.379809
-0.308386 -0.817684 -0.486097
0.668619 -0.334380 0.664183
