-1.668740063905715942e-01 5.406100153923034668e-01 3.088639974594116211e-01
-1.556179970502853394e-01 5.429540276527404785e-01 3.207739889621734619e-01
-1.583919972181320190e-01 5.577200055122375488e-01 3.073770105838775635e-01
-1.659979969263076782e-01 5.561090111732482910e-01 2.895129919052124023e-01
-1.693619936704635620e-01 5.211949944496154785e-01 3.237499892711639404e-01
-1.678970009088516235e-01 5.398780107498168945e-01 3.064830005168914795e-01
8.563400059938430786e-02 5.577200055122375488e-01 3.073770105838775635e-01
8.285900205373764038e-02 5.429540276527404785e-01 3.207739889621734619e-01
9.411600232124328613e-02 5.406100153923034668e-01 3.088639974594116211e-01
9.323900192975997925e-02 5.561090111732482910e-01 2.895129919052124023e-01
9.616000205278396606e-02 5.211949944496154785e-01 3.237499892711639404e-01
9.513799846172332764e-02 5.398780107498168945e-01 3.064830005168914795e-01
-1.480119973421096802e-01 5.599129796028137207e-01 3.103530108928680420e-01
-1.626349985599517822e-01 5.757039785385131836e-01 2.552759945392608643e-01
7.525400072336196899e-02 5.599129796028137207e-01 3.103530108928680420e-01
8.987600356340408325e-02 5.757039785385131836e-01 2.552759945392608643e-01
-1.523980051279067993e-01 5.407580137252807617e-01 3.200280070304870605e-01
-1.452369987964630127e-01 5.533339977264404297e-01 3.088639974594116211e-01
-1.600030064582824707e-01 5.255519747734069824e-01 3.297049999237060547e-01
-1.572259962558746338e-01 5.217499732971191406e-01 3.285140097141265869e-01
7.964000105857849121e-02 5.407580137252807617e-01 3.200280070304870605e-01
7.203599810600280762e-02 5.533339977264404297e-01 3.088639974594116211e-01
8.724500238895416260e-02 5.255519747734069824e-01 3.297049999237060547e-01
8.402500301599502563e-02 5.217499732971191406e-01 3.285140097141265869e-01
-1.300279945135116577e-01 5.637140274047851562e-01 3.006770014762878418e-01
-1.326639950275421143e-01 5.697090029716491699e-01 2.999329864978790283e-01
-1.545909941196441650e-01 5.768719911575317383e-01 2.552759945392608643e-01
5.727000162005424500e-02 5.637140274047851562e-01 3.006770014762878418e-01
5.946300178766250610e-02 5.697090029716491699e-01 2.999329864978790283e-01
8.183199912309646606e-02 5.768719911575317383e-01 2.552759945392608643e-01
-1.080989986658096313e-01 5.740950107574462891e-01 3.021659851074218750e-01
3.489800170063972473e-02 5.740950107574462891e-01 3.021659851074218750e-01
-1.080989986658096313e-01 5.812579989433288574e-01 3.014219999313354492e-01
-1.080989986658096313e-01 5.942739844322204590e-01 2.552759945392608643e-01
3.489800170063972473e-02 5.812579989433288574e-01 3.014219999313354492e-01
3.489800170063972473e-02 5.942739844322204590e-01 2.552759945392608643e-01
-3.660099953413009644e-02 5.784810185432434082e-01 3.006770014762878418e-01
-3.660099953413009644e-02 5.844749808311462402e-01 2.999329864978790283e-01
-3.660099953413009644e-02 6.002680063247680664e-01 2.552759945392608643e-01
-1.512320041656494141e-01 5.872520208358764648e-01 2.046640068292617798e-01
-1.583919972181320190e-01 5.812559723854064941e-01 2.046640068292617798e-01
-1.678970009088516235e-01 5.637140274047851562e-01 2.552759945392608643e-01
7.803100347518920898e-02 5.872520208358764648e-01 2.046640068292617798e-01
8.563400059938430786e-02 5.812559723854064941e-01 2.046640068292617798e-01
9.513799846172332764e-02 5.637140274047851562e-01 2.552759945392608643e-01
-1.523980051279067993e-01 5.850589871406555176e-01 1.242849975824356079e-01
-1.600030064582824707e-01 5.800889730453491211e-01 1.242849975824356079e-01
-1.695050001144409180e-01 5.697090029716491699e-01 2.046640068292617798e-01
7.964000105857849121e-02 5.850589871406555176e-01 1.242849975824356079e-01
8.724500238895416260e-02 5.800889730453491211e-01 1.242849975824356079e-01
9.674700349569320679e-02 5.697090029716491699e-01 2.046640068292617798e-01
-1.496230065822601318e-01 5.784810185432434082e-01 5.134600028395652771e-02
-1.562020033597946167e-01 5.746769905090332031e-01 5.134600028395652771e-02
-1.719930022954940796e-01 5.705869793891906738e-01 1.242849975824356079e-01
7.686500251293182373e-02 5.784810185432434082e-01 5.134600028395652771e-02
8.344300091266632080e-02 5.746769905090332031e-01 5.134600028395652771e-02
9.923399984836578369e-02 5.705869793891906738e-01 1.242849975824356079e-01
-1.512320041656494141e-01 5.621039867401123047e-01 -1.266200002282857895e-02
-1.578110009431838989e-01 5.583019852638244629e-01 -1.266200002282857895e-02
-1.709679961204528809e-01 5.621039867401123047e-01 5.134600028395652771e-02
7.803100347518920898e-02 5.621039867401123047e-01 -1.266200002282857895e-02
8.505199849605560303e-02 5.583019852638244629e-01 -1.266200002282857895e-02
9.820900112390518188e-02 5.621039867401123047e-01 5.134600028395652771e-02
-1.480119973421096802e-01 5.337399840354919434e-01 -7.369399815797805786e-02
-1.545909941196441650e-01 5.287700295448303223e-01 -7.146199792623519897e-02
-1.705279946327209473e-01 5.441200137138366699e-01 -1.266200002282857895e-02
7.525400072336196899e-02 5.337399840354919434e-01 -7.369399815797805786e-02
8.183199912309646606e-02 5.287700295448303223e-01 -7.146199792623519897e-02
9.776899963617324829e-02 5.441200137138366699e-01 -1.266200002282857895e-02
-1.480119973421096802e-01 5.009869933128356934e-01 -9.453500062227249146e-02
-1.677529960870742798e-01 4.938269853591918945e-01 -9.155599772930145264e-02
-1.693619936704635620e-01 5.103449821472167969e-01 -6.625299900770187378e-02
7.525400072336196899e-02 5.009869933128356934e-01 -9.453500062227249146e-02
9.499400109052658081e-02 4.938269853591918945e-01 -9.155599772930145264e-02
9.616000205278396606e-02 5.103449821472167969e-01 -6.625299900770187378e-02
-1.398250013589859009e-01 5.042070150375366211e-01 -9.751100093126296997e-02
-1.464029997587203979e-01 4.533230066299438477e-01 -1.382980048656463623e-01
-1.627780050039291382e-01 4.774500131607055664e-01 -1.094209998846054077e-01
6.706599891185760498e-02 5.042070150375366211e-01 -9.751100093126296997e-02
7.364500313997268677e-02 4.533230066299438477e-01 -1.382980048656463623e-01
9.002000093460083008e-02 4.774500131607055664e-01 -1.094209998846054077e-01
-1.376319974660873413e-01 5.413429737091064453e-01 -7.443799823522567749e-02
6.487300246953964233e-02 5.413429737091064453e-01 -7.443799823522567749e-02
-1.354389935731887817e-01 5.069820284843444824e-01 -9.899999946355819702e-02
-1.376319974660873413e-01 4.578549861907958984e-01 -1.406790018081665039e-01
6.267999857664108276e-02 5.069820284843444824e-01 -9.899999946355819702e-02
6.487300246953964233e-02 4.578549861907958984e-01 -1.406790018081665039e-01
-1.316370069980621338e-01 5.020139813423156738e-01 -1.019769981503486633e-01
-1.288599967956542969e-01 4.916320145130157471e-01 -1.109080016613006592e-01
-1.316370069980621338e-01 4.884139895439147949e-01 -1.146299988031387329e-01
-1.338299959897994995e-01 5.397340059280395508e-01 -7.518099993467330933e-02
5.887899920344352722e-02 5.020139813423156738e-01 -1.019769981503486633e-01
5.565899983048439026e-02 4.916320145130157471e-01 -1.109080016613006592e-01
5.887899920344352722e-02 4.884139895439147949e-01 -1.146299988031387329e-01
6.107199937105178833e-02 5.397340059280395508e-01 -7.518099993467330933e-02
-1.300279945135116577e-01 5.485060214996337891e-01 -6.550700217485427856e-02
-1.288599967956542969e-01 5.463129878044128418e-01 -6.922899931669235229e-02
5.727000162005424500e-02 5.485060214996337891e-01 -6.550700217485427856e-02
5.565899983048439026e-02 5.463129878044128418e-01 -6.922899931669235229e-02
-1.021049991250038147e-01 5.604950189590454102e-01 -6.178500130772590637e-02
-1.021049991250038147e-01 5.593289732933044434e-01 -6.550700217485427856e-02
2.890400029718875885e-02 5.604950189590454102e-01 -6.178500130772590637e-02
2.890400029718875885e-02 5.593289732933044434e-01 -6.550700217485427856e-02
-3.660099953413009644e-02 5.648810267448425293e-01 -6.178500130772590637e-02
-3.660099953413009644e-02 5.615220069885253906e-01 -6.550700217485427856e-02
-1.168709993362426758e-01 4.922159910202026367e-01 -1.205840036273002625e-01
-1.184799969196319580e-01 4.900229871273040771e-01 -1.272830069065093994e-01
4.411200061440467834e-02 4.922159910202026367e-01 -1.205840036273002625e-01
4.527899995446205139e-02 4.900229871273040771e-01 -1.272830069065093994e-01
-1.136509999632835388e-01 6.024609804153442383e-01 2.046640068292617798e-01
4.089299961924552917e-02 6.024609804153442383e-01 2.046640068292617798e-01
-1.080989986658096313e-01 5.806739926338195801e-01 -1.266200002282857895e-02
3.489800170063972473e-02 5.806739926338195801e-01 -1.266200002282857895e-02
-3.660099953413009644e-02 5.866680145263671875e-01 -1.266200002282857895e-02
-9.888499975204467773e-02 4.971860051155090332e-01 -1.265390068292617798e-01
-9.888499975204467773e-02 4.944089949131011963e-01 -1.324940025806427002e-01
-1.080989986658096313e-01 4.726229906082153320e-01 -1.525879949331283569e-01
2.612699940800666809e-02 4.971860051155090332e-01 -1.265390068292617798e-01
2.612699940800666809e-02 4.944089949131011963e-01 -1.324940025806427002e-01
3.489800170063972473e-02 4.726229906082153320e-01 -1.525879949331283569e-01
-3.660099953413009644e-02 5.020139813423156738e-01 -1.339810043573379517e-01
-3.660099953413009644e-02 4.960199892520904541e-01 -1.399360001087188721e-01
-7.388500124216079712e-02 4.800829887390136719e-01 -1.555649936199188232e-01
1.125999959185719490e-03 4.800829887390136719e-01 -1.555649936199188232e-01
-3.660099953413009644e-02 4.818350076675415039e-01 -1.567569971084594727e-01
-1.136509999632835388e-01 6.036270260810852051e-01 1.242849975824356079e-01
4.089299961924552917e-02 6.036270260810852051e-01 1.242849975824356079e-01
-1.136509999632835388e-01 5.970479846000671387e-01 5.134600028395652771e-02
4.089299961924552917e-02 5.970479846000671387e-01 5.134600028395652771e-02
-3.660099953413009644e-02 6.068450212478637695e-01 2.046640068292617798e-01
-3.660099953413009644e-02 6.090400218963623047e-01 1.242849975824356079e-01
-3.660099953413009644e-02 6.036270260810852051e-01 5.134600028395652771e-02
-1.643889993429183960e-01 4.938269853591918945e-01 3.438160121440887451e-01
9.163100272417068481e-02 4.938269853591918945e-01 3.438160121440887451e-01
-1.715829968452453613e-01 4.918090105056762695e-01 3.423860073089599609e-01
-1.763779968023300171e-01 4.906069934368133545e-01 3.386349976062774658e-01
-1.720789968967437744e-01 5.188270211219787598e-01 3.244949877262115479e-01
9.838200360536575317e-02 4.918090105056762695e-01 3.423860073089599609e-01
1.036200001835823059e-01 4.906069934368133545e-01 3.386349976062774658e-01
9.932000190019607544e-02 5.188270211219787598e-01 3.244949877262115479e-01
-1.687729954719543457e-01 4.862209856510162354e-01 3.505449891090393066e-01
9.601400047540664673e-02 4.862209856510162354e-01 3.505449891090393066e-01
-1.687729954719543457e-01 4.786179959774017334e-01 3.594760000705718994e-01
-1.540089994668960571e-01 4.840590059757232666e-01 3.594760000705718994e-01
-1.763779968023300171e-01 4.798170030117034912e-01 3.445900082588195801e-01
-1.779869943857192993e-01 4.670690000057220459e-01 3.505449891090393066e-01
-1.736010015010833740e-01 4.726229906082153320e-01 3.743610084056854248e-01
9.601400047540664673e-02 4.786179959774017334e-01 3.594760000705718994e-01
8.124999701976776123e-02 4.840590059757232666e-01 3.594760000705718994e-01
1.036200001835823059e-01 4.798170030117034912e-01 3.445900082588195801e-01
1.047860011458396912e-01 4.670690000057220459e-01 3.505449891090393066e-01
1.004000008106231689e-01 4.726229906082153320e-01 3.743610084056854248e-01
-1.556179970502853394e-01 4.878300130367279053e-01 3.460789918899536133e-01
-1.556179970502853394e-01 4.846119880676269531e-01 3.535209894180297852e-01
8.285900205373764038e-02 4.878300130367279053e-01 3.460789918899536133e-01
8.285900205373764038e-02 4.846119880676269531e-01 3.535209894180297852e-01
-9.727600216865539551e-02 4.944399893283843994e-01 3.499499857425689697e-01
-9.727600216865539551e-02 4.928309917449951172e-01 3.638809919357299805e-01
-9.727600216865539551e-02 4.949930012226104736e-01 3.550100028514862061e-01
2.451799996197223663e-02 4.944399893283843994e-01 3.499499857425689697e-01
2.451799996197223663e-02 4.928309917449951172e-01 3.638809919357299805e-01
2.451799996197223663e-02 4.949930012226104736e-01 3.550100028514862061e-01
-6.013799831271171570e-02 4.938269853591918945e-01 3.564999997615814209e-01
-6.335800141096115112e-02 4.960480034351348877e-01 3.669179975986480713e-01
-9.727600216865539551e-02 4.928309917449951172e-01 3.691810071468353271e-01
-1.262000016868114471e-02 4.938269853591918945e-01 3.564999997615814209e-01
-9.843000210821628571e-03 4.960480034351348877e-01 3.669179975986480713e-01
2.451799996197223663e-02 4.928309917449951172e-01 3.691810071468353271e-01
-5.920299887657165527e-02 4.975970089435577393e-01 3.497700095176696777e-01
-1.355599984526634216e-02 4.975970089435577393e-01 3.497700095176696777e-01
-6.335800141096115112e-02 4.960480034351348877e-01 3.743610084056854248e-01
-3.660099953413009644e-02 4.975970089435577393e-01 3.758490085601806641e-01
-9.843000210821628571e-03 4.960480034351348877e-01 3.743610084056854248e-01
-3.660099953413009644e-02 4.975970089435577393e-01 3.676320016384124756e-01
-3.660099953413009644e-02 4.949930012226104736e-01 3.550100028514862061e-01
-3.660099953413009644e-02 4.982129931449890137e-01 3.497700095176696777e-01
-1.480119973421096802e-01 4.862209856510162354e-01 4.056220054626464844e-01
-1.408510059118270874e-01 4.774500131607055664e-01 4.651629924774169922e-01
-1.583919972181320190e-01 4.818350076675415039e-01 4.071089923381805420e-01
-1.523980051279067993e-01 4.862209856510162354e-01 3.892470002174377441e-01
-1.464029997587203979e-01 4.834460020065307617e-01 4.056220054626464844e-01
-1.464029997587203979e-01 4.878300130367279053e-01 3.892470002174377441e-01
-1.452369987964630127e-01 4.846119880676269531e-01 3.892470002174377441e-01
7.525400072336196899e-02 4.862209856510162354e-01 4.056220054626464844e-01
8.563400059938430786e-02 4.818350076675415039e-01 4.071089923381805420e-01
6.764999777078628540e-02 4.774500131607055664e-01 4.651629924774169922e-01
7.964000105857849121e-02 4.862209856510162354e-01 3.892470002174377441e-01
7.364500313997268677e-02 4.834460020065307617e-01 4.056220054626464844e-01
7.364500313997268677e-02 4.878300130367279053e-01 3.892470002174377441e-01
7.203599810600280762e-02 4.846119880676269531e-01 3.892470002174377441e-01
-1.643889993429183960e-01 4.802269935607910156e-01 4.085989892482757568e-01
-1.496230065822601318e-01 4.682349860668182373e-01 4.651629924774169922e-01
-1.436260044574737549e-01 4.742319881916046143e-01 4.651629924774169922e-01
9.163100272417068481e-02 4.802269935607910156e-01 4.085989892482757568e-01
7.686500251293182373e-02 4.682349860668182373e-01 4.651629924774169922e-01
7.086800038814544678e-02 4.742319881916046143e-01 4.651629924774169922e-01
-1.572259962558746338e-01 4.550780057907104492e-01 4.681409895420074463e-01
-1.676069945096969604e-01 4.786179959774017334e-01 3.892470002174377441e-01
-1.616120040416717529e-01 4.578549861907958984e-01 4.383699893951416016e-01
8.402500301599502563e-02 4.550780057907104492e-01 4.681409895420074463e-01
9.440600126981735229e-02 4.786179959774017334e-01 3.892470002174377441e-01
8.841100335121154785e-02 4.578549861907958984e-01 4.383699893951416016e-01
-1.244739964604377747e-01 4.638499915599822998e-01 5.261949896812438965e-01
-1.392430067062377930e-01 4.742319881916046143e-01 4.651629924774169922e-01
5.127299949526786804e-02 4.638499915599822998e-01 5.261949896812438965e-01
6.648399680852890015e-02 4.742319881916046143e-01 4.651629924774169922e-01
-1.376319974660873413e-01 4.562439918518066406e-01 5.217300057411193848e-01
-1.316370069980621338e-01 4.610750079154968262e-01 5.217300057411193848e-01
6.487300246953964233e-02 4.562439918518066406e-01 5.217300057411193848e-01
5.887899920344352722e-02 4.610750079154968262e-01 5.217300057411193848e-01
-1.430439949035644531e-01 4.425039887428283691e-01 5.232189893722534180e-01
6.984300166368484497e-02 4.425039887428283691e-01 5.232189893722534180e-01
-1.136509999632835388e-01 4.474720060825347900e-01 5.559660196304321289e-01
-1.228649988770484924e-01 4.610750079154968262e-01 5.261949896812438965e-01
4.089299961924552917e-02 4.474720060825347900e-01 5.559660196304321289e-01
5.010699853301048279e-02 4.610750079154968262e-01 5.261949896812438965e-01
-1.288599967956542969e-01 4.398689866065979004e-01 5.559660196304321289e-01
-1.212569996714591980e-01 4.458639919757843018e-01 5.589429736137390137e-01
5.565899983048439026e-02 4.398689866065979004e-01 5.559660196304321289e-01
4.849800094962120056e-02 4.458639919757843018e-01 5.589429736137390137e-01
-1.348569989204406738e-01 4.343169927597045898e-01 5.529879927635192871e-01
6.165599822998046875e-02 4.343169927597045898e-01 5.529879927635192871e-01
-9.888499975204467773e-02 4.251030087471008301e-01 5.931820273399353027e-01
-1.124849990010261536e-01 4.446969926357269287e-01 5.559660196304321289e-01
2.612699940800666809e-02 4.251030087471008301e-01 5.931820273399353027e-01
3.928399831056594849e-02 4.446969926357269287e-01 5.559660196304321289e-01
-1.136509999632835388e-01 4.131120145320892334e-01 5.902029871940612793e-01
-1.080989986658096313e-01 4.191060066223144531e-01 5.931820273399353027e-01
4.089299961924552917e-02 4.131120145320892334e-01 5.902029871940612793e-01
3.489800170063972473e-02 4.191060066223144531e-01 5.931820273399353027e-01
-1.228649988770484924e-01 4.087260067462921143e-01 5.812720060348510742e-01
5.010699853301048279e-02 4.087260067462921143e-01 5.812720060348510742e-01
-8.602000027894973755e-02 4.015649855136871338e-01 6.125299930572509766e-01
-9.727600216865539551e-02 4.223259985446929932e-01 5.916919708251953125e-01
1.326099969446659088e-02 4.015649855136871338e-01 6.125299930572509766e-01
2.451799996197223663e-02 4.223259985446929932e-01 5.916919708251953125e-01
-1.021049991250038147e-01 3.955680131912231445e-01 6.065779924392700195e-01
-9.289100021123886108e-02 3.983449935913085938e-01 6.095550060272216797e-01
2.890400029718875885e-02 3.955680131912231445e-01 6.065779924392700195e-01
2.013199962675571442e-02 3.983449935913085938e-01 6.095550060272216797e-01
-1.092659980058670044e-01 3.819699883460998535e-01 6.006230115890502930e-01
3.650699928402900696e-02 3.819699883460998535e-01 6.006230115890502930e-01
-6.774400174617767334e-02 3.731989860534667969e-01 6.318839788436889648e-01
-8.485099673271179199e-02 3.983449935913085938e-01 6.110439896583557129e-01
-5.014999769628047943e-03 3.731989860534667969e-01 6.318839788436889648e-01
1.164999976754188538e-02 3.983449935913085938e-01 6.110439896583557129e-01
-8.251000195741653442e-02 3.568240106105804443e-01 6.259289979934692383e-01
-7.534699887037277222e-02 3.639839887619018555e-01 6.274189949035644531e-01
9.751999750733375549e-03 3.568240106105804443e-01 6.259289979934692383e-01
2.146000042557716370e-03 3.639839887619018555e-01 6.274189949035644531e-01
-8.573000133037567139e-02 3.492180109024047852e-01 6.274189949035644531e-01
1.252899970859289169e-02 3.492180109024047852e-01 6.274189949035644531e-01
-5.575500056147575378e-02 3.372290134429931641e-01 6.333709955215454102e-01
-1.700400002300739288e-02 3.372290134429931641e-01 6.333709955215454102e-01
-5.136900022625923157e-02 3.655929863452911377e-01 6.378390192985534668e-01
-6.613499671220779419e-02 3.699789941310882568e-01 6.303949952125549316e-01
-2.138900011777877808e-02 3.655929863452911377e-01 6.378390192985534668e-01
-6.622999906539916992e-03 3.699789941310882568e-01 6.303949952125549316e-01
-3.660099953413009644e-02 3.344520032405853271e-01 6.333709955215454102e-01
-3.660099953413009644e-02 3.268490135669708252e-01 6.303949952125549316e-01
-6.613499671220779419e-02 3.300659954547882080e-01 6.303949952125549316e-01
-5.414399877190589905e-02 3.536039888858795166e-01 6.303949952125549316e-01
-6.622999906539916992e-03 3.300659954547882080e-01 6.303949952125549316e-01
-1.861399970948696136e-02 3.536039888858795166e-01 6.303949952125549316e-01
-3.660099953413009644e-02 3.492180109024047852e-01 6.363490223884582520e-01
-3.660099953413009644e-02 3.863559961318969727e-01 6.229509711265563965e-01
-4.259699955582618713e-02 3.879649937152862549e-01 6.244400143623352051e-01
-5.136900022625923157e-02 3.628180027008056641e-01 6.333709955215454102e-01
-3.060399927198886871e-02 3.879649937152862549e-01 6.244400143623352051e-01
-2.138900011777877808e-02 3.628180027008056641e-01 6.333709955215454102e-01
-3.660099953413009644e-02 4.119449853897094727e-01 6.095550060272216797e-01
-4.098900035023689270e-02 4.131120145320892334e-01 6.095550060272216797e-01
-4.361899942159652710e-02 3.851880133152008057e-01 6.244400143623352051e-01
-3.176999837160110474e-02 4.131120145320892334e-01 6.095550060272216797e-01
-2.913900092244148254e-02 3.851880133152008057e-01 6.244400143623352051e-01
-3.660099953413009644e-02 4.294889867305755615e-01 5.946689844131469727e-01
-3.937799856066703796e-02 4.294889867305755615e-01 5.946689844131469727e-01
-4.259699955582618713e-02 4.103339910507202148e-01 6.095550060272216797e-01
-3.338100016117095947e-02 4.294889867305755615e-01 5.946689844131469727e-01
-3.060399927198886871e-02 4.103339910507202148e-01 6.095550060272216797e-01
-3.660099953413009644e-02 4.594660103321075439e-01 5.574550032615661621e-01
-4.098900035023689270e-02 4.578549861907958984e-01 5.559660196304321289e-01
-4.098900035023689270e-02 4.267120063304901123e-01 5.946689844131469727e-01
-3.176999837160110474e-02 4.578549861907958984e-01 5.559660196304321289e-01
-3.176999837160110474e-02 4.267120063304901123e-01 5.946689844131469727e-01
-3.660099953413009644e-02 4.742319881916046143e-01 5.261949896812438965e-01
-4.098900035023689270e-02 4.714550077915191650e-01 5.247060060501098633e-01
-4.259699955582618713e-02 4.550780057907104492e-01 5.559660196304321289e-01
-3.176999837160110474e-02 4.714550077915191650e-01 5.247060060501098633e-01
-3.060399927198886871e-02 4.550780057907104492e-01 5.559660196304321289e-01
-3.660099953413009644e-02 4.889979958534240723e-01 4.621860086917877197e-01
-4.259699955582618713e-02 4.906069934368133545e-01 4.621860086917877197e-01
-4.259699955582618713e-02 4.682349860668182373e-01 5.247060060501098633e-01
-3.060399927198886871e-02 4.906069934368133545e-01 4.621860086917877197e-01
-3.060399927198886871e-02 4.682349860668182373e-01 5.247060060501098633e-01
-4.537500068545341492e-02 4.922159910202026367e-01 4.339039921760559082e-01
-4.376300051808357239e-02 4.878300130367279053e-01 4.621860086917877197e-01
-5.575500056147575378e-02 4.938269853591918945e-01 4.085989892482757568e-01
-4.698299989104270935e-02 4.889979958534240723e-01 4.339039921760559082e-01
-2.738399989902973175e-02 4.922159910202026367e-01 4.339039921760559082e-01
-2.899499982595443726e-02 4.878300130367279053e-01 4.621860086917877197e-01
-3.660099953413009644e-02 4.949930012226104736e-01 4.071089923381805420e-01
-1.700400002300739288e-02 4.938269853591918945e-01 4.085989892482757568e-01
-2.621800079941749573e-02 4.889979958534240723e-01 4.339039921760559082e-01
-3.660099953413009644e-02 4.982129931449890137e-01 3.773379921913146973e-01
-7.213000208139419556e-02 4.949930012226104736e-01 3.907360136508941650e-01
-5.736399814486503601e-02 4.906069934368133545e-01 4.071089923381805420e-01
-8.233999833464622498e-03 4.982129931449890137e-01 3.743610084056854248e-01
-6.452400237321853638e-02 4.982129931449890137e-01 3.743610084056854248e-01
-6.290000164881348610e-04 4.949930012226104736e-01 3.907360136508941650e-01
-1.539499964565038681e-02 4.906069934368133545e-01 4.071089923381805420e-01
-9.727600216865539551e-02 4.938269853591918945e-01 3.832930028438568115e-01
-7.373899966478347778e-02 4.922159910202026367e-01 3.892470002174377441e-01
2.451799996197223663e-02 4.938269853591918945e-01 3.832930028438568115e-01
9.800000116229057312e-04 4.922159910202026367e-01 3.892470002174377441e-01
-1.348569989204406738e-01 4.889979958534240723e-01 3.788270056247711182e-01
-1.004960015416145325e-01 4.906069934368133545e-01 3.847819864749908447e-01
6.165599822998046875e-02 4.889979958534240723e-01 3.788270056247711182e-01
2.773699909448623657e-02 4.906069934368133545e-01 3.847819864749908447e-01
-1.348569989204406738e-01 4.862209856510162354e-01 3.803159892559051514e-01
6.165599822998046875e-02 4.862209856510162354e-01 3.803159892559051514e-01
-1.687729954719543457e-01 4.726229906082153320e-01 3.594760000705718994e-01
9.601400047540664673e-02 4.726229906082153320e-01 3.594760000705718994e-01
-1.703840047121047974e-01 4.682349860668182373e-01 3.832930028438568115e-01
9.762500226497650146e-02 4.682349860668182373e-01 3.832930028438568115e-01
-7.812400162220001221e-02 4.698460102081298828e-01 5.261949896812438965e-01
-8.850499987602233887e-02 4.862209856510162354e-01 4.636760056018829346e-01
5.365999881178140640e-03 4.698460102081298828e-01 5.261949896812438965e-01
1.574599929153919220e-02 4.862209856510162354e-01 4.636760056018829346e-01
-7.373899966478347778e-02 4.550780057907104492e-01 5.589429736137390137e-01
9.800000116229057312e-04 4.550780057907104492e-01 5.589429736137390137e-01
-6.935200095176696777e-02 4.294889867305755615e-01 5.916919708251953125e-01
-3.847999963909387589e-03 4.294889867305755615e-01 5.916919708251953125e-01
-6.335800141096115112e-02 4.071170091629028320e-01 6.110439896583557129e-01
-9.843000210821628571e-03 4.071170091629028320e-01 6.110439896583557129e-01
-9.172400087118148804e-02 4.922159910202026367e-01 4.175300002098083496e-01
1.852300018072128296e-02 4.922159910202026367e-01 4.175300002098083496e-01
-1.899780035018920898e-01 4.774500131607055664e-01 1.437560021877288818e-01
-1.955299973487854004e-01 4.802269935607910156e-01 1.421470046043395996e-01
-1.899780035018920898e-01 4.834460020065307617e-01 1.391710042953491211e-01
-1.943639963865280151e-01 4.758409857749938965e-01 1.481020003557205200e-01
-1.911450028419494629e-01 4.768629968166351318e-01 1.481020003557205200e-01
-1.943639963865280151e-01 4.846119880676269531e-01 1.391710042953491211e-01
-1.955299973487854004e-01 4.698460102081298828e-01 1.317269951105117798e-01
-1.955299973487854004e-01 4.682349860668182373e-01 1.481020003557205200e-01
1.167770028114318848e-01 4.774500131607055664e-01 1.437560021877288818e-01
1.167770028114318848e-01 4.834460020065307617e-01 1.391710042953491211e-01
1.227720007300376892e-01 4.802269935607910156e-01 1.421470046043395996e-01
1.211630031466484070e-01 4.758409857749938965e-01 1.481020003557205200e-01
1.183860003948211670e-01 4.768629968166351318e-01 1.481020003557205200e-01
1.211630031466484070e-01 4.846119880676269531e-01 1.391710042953491211e-01
1.227720007300376892e-01 4.682349860668182373e-01 1.481020003557205200e-01
-1.883700042963027954e-01 4.889979958534240723e-01 1.376820057630538940e-01
1.156110018491744995e-01 4.889979958534240723e-01 1.376820057630538940e-01
-1.943639963865280151e-01 4.906069934368133545e-01 1.376820057630538940e-01
1.211630031466484070e-01 4.906069934368133545e-01 1.376820057630538940e-01
1.227720007300376892e-01 4.698460102081298828e-01 1.317269951105117798e-01
-1.839839965105056763e-01 5.173649787902832031e-01 1.376820057630538940e-01
1.107830032706260681e-01 5.173649787902832031e-01 1.376820057630538940e-01
-1.883700042963027954e-01 5.205820202827453613e-01 1.391710042953491211e-01
-1.943639963865280151e-01 4.878300130367279053e-01 1.317269951105117798e-01
1.156110018491744995e-01 5.205820202827453613e-01 1.391710042953491211e-01
1.211630031466484070e-01 4.878300130367279053e-01 1.317269951105117798e-01
-1.779869943857192993e-01 5.501139760017395020e-01 1.391710042953491211e-01
1.047860011458396912e-01 5.501139760017395020e-01 1.391710042953491211e-01
-1.791529953479766846e-01 5.517230033874511719e-01 1.391710042953491211e-01
-1.883700042963027954e-01 5.189729928970336914e-01 1.332159936428070068e-01
1.063949987292289734e-01 5.517230033874511719e-01 1.391710042953491211e-01
1.156110018491744995e-01 5.189729928970336914e-01 1.332159936428070068e-01
-1.747699975967407227e-01 5.561090111732482910e-01 1.391710042953491211e-01
-1.779869943857192993e-01 5.577179789543151855e-01 1.391710042953491211e-01
-1.791529953479766846e-01 5.517230033874511719e-01 1.332159936428070068e-01
1.020110026001930237e-01 5.561090111732482910e-01 1.391710042953491211e-01
1.047860011458396912e-01 5.577179789543151855e-01 1.391710042953491211e-01
1.063949987292289734e-01 5.517230033874511719e-01 1.332159936428070068e-01
-1.779869943857192993e-01 5.604950189590454102e-01 1.406600028276443481e-01
-1.719930022954940796e-01 5.708749890327453613e-01 1.332159936428070068e-01
-1.747699975967407227e-01 5.603510141372680664e-01 1.421470046043395996e-01
1.047860011458396912e-01 5.604950189590454102e-01 1.406600028276443481e-01
1.020110026001930237e-01 5.603510141372680664e-01 1.421470046043395996e-01
-1.763779968023300171e-01 5.637140274047851562e-01 1.466130018234252930e-01
-1.747699975967407227e-01 5.621039867401123047e-01 1.495909988880157471e-01
1.036200001835823059e-01 5.637140274047851562e-01 1.466130018234252930e-01
1.020110026001930237e-01 5.621039867401123047e-01 1.495909988880157471e-01
9.923399984836578369e-02 5.708749890327453613e-01 1.332159936428070068e-01
-1.736010015010833740e-01 5.637140274047851562e-01 1.823389977216720581e-01
-1.719930022954940796e-01 5.621039867401123047e-01 1.838279962539672852e-01
1.004000008106231689e-01 5.637140274047851562e-01 1.823389977216720581e-01
9.923399984836578369e-02 5.621039867401123047e-01 1.838279962539672852e-01
-1.703840047121047974e-01 5.708749890327453613e-01 1.823389977216720581e-01
9.762500226497650146e-02 5.708749890327453613e-01 1.823389977216720581e-01
-1.719930022954940796e-01 5.621039867401123047e-01 2.299699932336807251e-01
-1.703840047121047974e-01 5.593289732933044434e-01 2.249089926481246948e-01
9.923399984836578369e-02 5.621039867401123047e-01 2.299699932336807251e-01
9.762500226497650146e-02 5.593289732933044434e-01 2.249089926481246948e-01
-1.711159944534301758e-01 5.680999755859375000e-01 2.317560017108917236e-01
9.791500121355056763e-02 5.680999755859375000e-01 2.317560017108917236e-01
-1.687729954719543457e-01 5.533339977264404297e-01 2.761160135269165039e-01
-1.687729954719543457e-01 5.501139760017395020e-01 2.761160135269165039e-01
9.601400047540664673e-02 5.533339977264404297e-01 2.761160135269165039e-01
9.601400047540664673e-02 5.501139760017395020e-01 2.761160135269165039e-01
-1.675889939069747925e-01 5.591980218887329102e-01 2.760860025882720947e-01
9.438800066709518433e-02 5.591980218887329102e-01 2.760860025882720947e-01
-1.687729954719543457e-01 5.501139760017395020e-01 2.850469946861267090e-01
-1.687729954719543457e-01 5.473369956016540527e-01 2.850469946861267090e-01
9.601400047540664673e-02 5.501139760017395020e-01 2.850469946861267090e-01
9.601400047540664673e-02 5.473369956016540527e-01 2.850469946861267090e-01
-1.687729954719543457e-01 5.429540276527404785e-01 2.939780056476593018e-01
-1.676069945096969604e-01 5.429540276527404785e-01 2.939780056476593018e-01
9.601400047540664673e-02 5.429540276527404785e-01 2.939780056476593018e-01
9.440600126981735229e-02 5.429540276527404785e-01 2.939780056476593018e-01
-1.680230051279067993e-01 5.474590063095092773e-01 2.997489869594573975e-01
9.482199698686599731e-02 5.474590063095092773e-01 2.997489869594573975e-01
-1.703840047121047974e-01 5.337399840354919434e-01 3.014219999313354492e-01
-1.687729954719543457e-01 5.337399840354919434e-01 3.014219999313354492e-01
9.762500226497650146e-02 5.337399840354919434e-01 3.014219999313354492e-01
9.601400047540664673e-02 5.337399840354919434e-01 3.014219999313354492e-01
-1.736010015010833740e-01 5.265759825706481934e-01 3.073770105838775635e-01
-1.703840047121047974e-01 5.265759825706481934e-01 3.073770105838775635e-01
1.004000008106231689e-01 5.265759825706481934e-01 3.073770105838775635e-01
9.762500226497650146e-02 5.265759825706481934e-01 3.073770105838775635e-01
-1.687729954719543457e-01 5.321310162544250488e-01 3.133299946784973145e-01
9.601400047540664673e-02 5.321310162544250488e-01 3.133299946784973145e-01
-1.763779968023300171e-01 5.145879983901977539e-01 3.177950084209442139e-01
-1.736010015010833740e-01 5.145879983901977539e-01 3.177950084209442139e-01
1.036200001835823059e-01 5.145879983901977539e-01 3.177950084209442139e-01
1.004000008106231689e-01 5.145879983901977539e-01 3.177950084209442139e-01
-1.747699975967407227e-01 4.922159910202026367e-01 3.282150030136108398e-01
1.020110026001930237e-01 4.922159910202026367e-01 3.282150030136108398e-01
-1.779869943857192993e-01 4.922159910202026367e-01 3.297049999237060547e-01
-1.763779968023300171e-01 4.834460020065307617e-01 3.267259895801544189e-01
1.047860011458396912e-01 4.922159910202026367e-01 3.297049999237060547e-01
1.036200001835823059e-01 4.834460020065307617e-01 3.267259895801544189e-01
-1.779869943857192993e-01 4.862209856510162354e-01 3.297049999237060547e-01
-1.721359938383102417e-01 5.191169977188110352e-01 3.237499892711639404e-01
1.047860011458396912e-01 4.862209856510162354e-01 3.297049999237060547e-01
9.937799721956253052e-02 5.191169977188110352e-01 3.237499892711639404e-01
-1.807640045881271362e-01 4.774500131607055664e-01 3.222599923610687256e-01
-1.779869943857192993e-01 4.786179959774017334e-01 3.207739889621734619e-01
1.080060005187988281e-01 4.774500131607055664e-01 3.222599923610687256e-01
1.047860011458396912e-01 4.786179959774017334e-01 3.207739889621734619e-01
-1.823730021715164185e-01 4.726229906082153320e-01 3.118399977684020996e-01
-1.779869943857192993e-01 4.774500131607055664e-01 3.118399977684020996e-01
1.096139997243881226e-01 4.726229906082153320e-01 3.118399977684020996e-01
1.047860011458396912e-01 4.774500131607055664e-01 3.118399977684020996e-01
-1.899780035018920898e-01 4.742319881916046143e-01 2.761160135269165039e-01
-1.807640045881271362e-01 4.774500131607055664e-01 2.761160135269165039e-01
1.167770028114318848e-01 4.742319881916046143e-01 2.761160135269165039e-01
1.080060005187988281e-01 4.774500131607055664e-01 2.761160135269165039e-01
-1.899780035018920898e-01 4.758409857749938965e-01 2.389010041952133179e-01
-1.851499974727630615e-01 4.774500131607055664e-01 2.389010041952133179e-01
1.167770028114318848e-01 4.758409857749938965e-01 2.389010041952133179e-01
1.123910024762153625e-01 4.774500131607055664e-01 2.389010041952133179e-01
-1.927530020475387573e-01 4.758409857749938965e-01 1.614979952573776245e-01
-1.899780035018920898e-01 4.768629968166351318e-01 1.629880070686340332e-01
1.199949979782104492e-01 4.758409857749938965e-01 1.614979952573776245e-01
1.167770028114318848e-01 4.768629968166351318e-01 1.629880070686340332e-01
-1.839839965105056763e-01 4.670690000057220459e-01 3.118399977684020996e-01
1.107830032706260681e-01 4.670690000057220459e-01 3.118399977684020996e-01
-1.883700042963027954e-01 4.670690000057220459e-01 2.761160135269165039e-01
1.156110018491744995e-01 4.670690000057220459e-01 2.761160135269165039e-01
-1.911450028419494629e-01 4.670690000057220459e-01 2.403900027275085449e-01
1.183860003948211670e-01 4.670690000057220459e-01 2.403900027275085449e-01
-1.955299973487854004e-01 4.682349860668182373e-01 1.629880070686340332e-01
-1.943639963865280151e-01 4.682349860668182373e-01 1.972219944000244141e-01
1.211630031466484070e-01 4.682349860668182373e-01 1.972219944000244141e-01
1.227720007300376892e-01 4.682349860668182373e-01 1.629880070686340332e-01
-1.955299973487854004e-01 4.578549861907958984e-01 2.403900027275085449e-01
-1.927530020475387573e-01 4.594660103321075439e-01 2.776030004024505615e-01
1.227720007300376892e-01 4.578549861907958984e-01 2.403900027275085449e-01
1.199949979782104492e-01 4.594660103321075439e-01 2.776030004024505615e-01
-2.003590017557144165e-01 4.594660103321075439e-01 1.957329958677291870e-01
1.271580010652542114e-01 4.594660103321075439e-01 1.957329958677291870e-01
-2.015250027179718018e-01 4.594660103321075439e-01 1.614979952573776245e-01
1.287660002708435059e-01 4.594660103321075439e-01 1.614979952573776245e-01
-1.883700042963027954e-01 4.578549861907958984e-01 3.118399977684020996e-01
-1.883700042963027954e-01 4.578549861907958984e-01 3.514370024204254150e-01
1.156110018491744995e-01 4.578549861907958984e-01 3.118399977684020996e-01
1.156110018491744995e-01 4.578549861907958984e-01 3.514370024204254150e-01
-1.955299973487854004e-01 4.223259985446929932e-01 2.790929973125457764e-01
-1.911450028419494629e-01 4.223259985446929932e-01 3.148190081119537354e-01
1.227720007300376892e-01 4.223259985446929932e-01 2.790929973125457764e-01
1.183860003948211670e-01 4.223259985446929932e-01 3.148190081119537354e-01
-1.987500041723251343e-01 4.234940111637115479e-01 2.418799996376037598e-01
1.259910017251968384e-01 4.234940111637115479e-01 2.418799996376037598e-01
-2.015250027179718018e-01 4.343169927597045898e-01 1.942439973354339600e-01
1.287660002708435059e-01 4.343169927597045898e-01 1.942439973354339600e-01
-2.031340003013610840e-01 4.415369927883148193e-01 1.302399933338165283e-01
-2.015250027179718018e-01 4.578549861907958984e-01 1.317269951105117798e-01
1.303749978542327881e-01 4.415369927883148193e-01 1.302399933338165283e-01
-2.015250027179718018e-01 3.803589940071105957e-01 1.987109929323196411e-01
-2.031340003013610840e-01 3.895739912986755371e-01 1.302399933338165283e-01
1.287660002708435059e-01 3.803589940071105957e-01 1.987109929323196411e-01
1.303749978542327881e-01 3.895739912986755371e-01 1.302399933338165283e-01
-1.987500041723251343e-01 3.791930079460144043e-01 2.403900027275085449e-01
1.259910017251968384e-01 3.791930079460144043e-01 2.403900027275085449e-01
-1.943639963865280151e-01 3.759759962558746338e-01 2.790929973125457764e-01
1.211630031466484070e-01 3.759759962558746338e-01 2.790929973125457764e-01
-1.899780035018920898e-01 3.743650019168853760e-01 3.163059949874877930e-01
-1.851499974727630615e-01 4.223259985446929932e-01 3.520320057868957520e-01
1.167770028114318848e-01 3.743650019168853760e-01 3.163059949874877930e-01
1.123910024762153625e-01 4.223259985446929932e-01 3.520320057868957520e-01
-1.851499974727630615e-01 3.240720033645629883e-01 3.133299946784973145e-01
-1.883700042963027954e-01 3.240720033645629883e-01 2.776030004024505615e-01
-1.839839965105056763e-01 3.731989860534667969e-01 3.499499857425689697e-01
-1.965570002794265747e-01 3.196859955787658691e-01 3.631980121135711670e-01
-1.807640045881271362e-01 3.240720033645629883e-01 3.505449891090393066e-01
1.123910024762153625e-01 3.240720033645629883e-01 3.133299946784973145e-01
1.156110018491744995e-01 3.240720033645629883e-01 2.776030004024505615e-01
1.107830032706260681e-01 3.731989860534667969e-01 3.499499857425689697e-01
1.237979978322982788e-01 3.196859955787658691e-01 3.631980121135711670e-01
1.080060005187988281e-01 3.240720033645629883e-01 3.505449891090393066e-01
-1.927530020475387573e-01 3.240720033645629883e-01 2.389010041952133179e-01
1.199949979782104492e-01 3.240720033645629883e-01 2.389010041952133179e-01
-1.955299973487854004e-01 3.240720033645629883e-01 2.001989930868148804e-01
1.227720007300376892e-01 3.240720033645629883e-01 2.001989930868148804e-01
-1.971389949321746826e-01 3.240720033645629883e-01 1.302399933338165283e-01
1.243809983134269714e-01 3.240720033645629883e-01 1.302399933338165283e-01
1.287660002708435059e-01 4.578549861907958984e-01 1.317269951105117798e-01
-1.080989986658096313e-01 3.268490135669708252e-01 6.244400143623352051e-01
3.489800170063972473e-02 3.268490135669708252e-01 6.244400143623352051e-01
-1.600030064582824707e-01 4.458639919757843018e-01 5.068439841270446777e-01
-1.496230065822601318e-01 4.430859982967376709e-01 5.247060060501098633e-01
-1.502050012350082397e-01 4.506919980049133301e-01 5.306599736213684082e-01
-1.659979969263076782e-01 4.506919980049133301e-01 5.306599736213684082e-01
-1.719930022954940796e-01 4.392850100994110107e-01 5.306599736213684082e-01
-1.638049930334091187e-01 4.436709880828857422e-01 5.053550004959106445e-01
-1.600030064582824707e-01 4.430859982967376709e-01 5.031219720840454102e-01
-1.562020033597946167e-01 4.430859982967376709e-01 5.053550004959106445e-01
8.724500238895416260e-02 4.458639919757843018e-01 5.068439841270446777e-01
7.744699716567993164e-02 4.506919980049133301e-01 5.306599736213684082e-01
9.323900192975997925e-02 4.506919980049133301e-01 5.306599736213684082e-01
7.686500251293182373e-02 4.430859982967376709e-01 5.247060060501098633e-01
9.104699641466140747e-02 4.436709880828857422e-01 5.053550004959106445e-01
9.923399984836578369e-02 4.392850100994110107e-01 5.306599736213684082e-01
8.724500238895416260e-02 4.430859982967376709e-01 5.031219720840454102e-01
8.344300091266632080e-02 4.430859982967376709e-01 5.053550004959106445e-01
-1.496230065822601318e-01 4.414780139923095703e-01 5.321499705314636230e-01
-1.659979969263076782e-01 4.387030005455017090e-01 5.351259708404541016e-01
-1.502050012350082397e-01 4.398689866065979004e-01 5.388479828834533691e-01
-1.583919972181320190e-01 4.398689866065979004e-01 5.410799980163574219e-01
8.563400059938430786e-02 4.398689866065979004e-01 5.410799980163574219e-01
7.686500251293182373e-02 4.414780139923095703e-01 5.321499705314636230e-01
7.744699716567993164e-02 4.398689866065979004e-01 5.388479828834533691e-01
-1.464029997587203979e-01 4.207150042057037354e-01 5.940729975700378418e-01
-1.408510059118270874e-01 4.131120145320892334e-01 5.991340279579162598e-01
-1.480119973421096802e-01 4.191060066223144531e-01 6.018139719963073730e-01
-1.572259962558746338e-01 4.234940111637115479e-01 5.910969972610473633e-01
-1.583919972181320190e-01 4.207150042057037354e-01 6.053850054740905762e-01
6.764999777078628540e-02 4.131120145320892334e-01 5.991340279579162598e-01
7.364500313997268677e-02 4.207150042057037354e-01 5.940729975700378418e-01
7.525400072336196899e-02 4.191060066223144531e-01 6.018139719963073730e-01
8.402500301599502563e-02 4.234940111637115479e-01 5.910969972610473633e-01
8.563400059938430786e-02 4.207150042057037354e-01 6.053850054740905762e-01
-1.392430067062377930e-01 4.131120145320892334e-01 6.018139719963073730e-01
-1.370500028133392334e-01 4.043399989604949951e-01 6.024090051651000977e-01
6.384900212287902832e-02 4.043399989604949951e-01 6.024090051651000977e-01
6.648399680852890015e-02 4.131120145320892334e-01 6.018139719963073730e-01
-1.354389935731887817e-01 4.043399989604949951e-01 5.916919708251953125e-01
-1.376319974660873413e-01 3.945440053939819336e-01 6.018139719963073730e-01
6.487300246953964233e-02 3.945440053939819336e-01 6.018139719963073730e-01
6.267999857664108276e-02 4.043399989604949951e-01 5.916919708251953125e-01
-1.316370069980621338e-01 3.923510015010833740e-01 5.958589911460876465e-01
-1.408510059118270874e-01 3.825519979000091553e-01 6.053850054740905762e-01
6.764999777078628540e-02 3.825519979000091553e-01 6.053850054740905762e-01
5.887899920344352722e-02 3.923510015010833740e-01 5.958589911460876465e-01
-1.392430067062377930e-01 3.797770142555236816e-01 6.006230115890502930e-01
-1.496230065822601318e-01 3.743650019168853760e-01 6.035990118980407715e-01
7.686500251293182373e-02 3.743650019168853760e-01 6.035990118980407715e-01
6.648399680852890015e-02 3.797770142555236816e-01 6.006230115890502930e-01
-1.480119973421096802e-01 3.731989860534667969e-01 5.976470112800598145e-01
-1.600030064582824707e-01 3.688130080699920654e-01 6.053850054740905762e-01
8.724500238895416260e-02 3.688130080699920654e-01 6.053850054740905762e-01
7.525400072336196899e-02 3.731989860534667969e-01 5.976470112800598145e-01
-1.583919972181320190e-01 3.693970143795013428e-01 5.991340279579162598e-01
-1.736010015010833740e-01 3.743650019168853760e-01 6.035990118980407715e-01
1.004000008106231689e-01 3.743650019168853760e-01 6.035990118980407715e-01
8.563400059938430786e-02 3.693970143795013428e-01 5.991340279579162598e-01
-1.736010015010833740e-01 3.737829923629760742e-01 5.994330048561096191e-01
-1.791529953479766846e-01 3.819699883460998535e-01 6.053850054740905762e-01
1.063949987292289734e-01 3.819699883460998535e-01 6.053850054740905762e-01
1.004000008106231689e-01 3.737829923629760742e-01 5.994330048561096191e-01
-1.823730021715164185e-01 3.825519979000091553e-01 5.976470112800598145e-01
-1.823730021715164185e-01 3.917660117149353027e-01 6.018139719963073730e-01
1.096139997243881226e-01 3.917660117149353027e-01 6.018139719963073730e-01
1.096139997243881226e-01 3.825519979000091553e-01 5.976470112800598145e-01
-1.861750036478042603e-01 3.923510015010833740e-01 5.961580276489257812e-01
-1.807640045881271362e-01 4.037579894065856934e-01 6.024090051651000977e-01
1.080060005187988281e-01 4.037579894065856934e-01 6.024090051651000977e-01
1.129740029573440552e-01 3.923510015010833740e-01 5.961580276489257812e-01
-1.845660060644149780e-01 4.043399989604949951e-01 5.946689844131469727e-01
-1.747699975967407227e-01 4.131120145320892334e-01 6.021130084991455078e-01
1.020110026001930237e-01 4.131120145320892334e-01 6.021130084991455078e-01
1.118070036172866821e-01 4.043399989604949951e-01 5.946689844131469727e-01
-1.791529953479766846e-01 4.147199988365173340e-01 5.934780240058898926e-01
-1.676069945096969604e-01 4.179399907588958740e-01 6.018139719963073730e-01
9.440600126981735229e-02 4.179399907588958740e-01 6.018139719963073730e-01
1.063949987292289734e-01 4.147199988365173340e-01 5.934780240058898926e-01
-1.687729954719543457e-01 4.207150042057037354e-01 5.910969972610473633e-01
9.601400047540664673e-02 4.207150042057037354e-01 5.910969972610473633e-01
-2.135159969329833984e-01 3.088630139827728271e-01 3.952020108699798584e-01
-2.047449946403503418e-01 3.076969981193542480e-01 3.698959946632385254e-01
-2.075199931859970093e-01 3.164660036563873291e-01 3.713830113410949707e-01
-2.107390016317367554e-01 3.268490135669708252e-01 3.862690031528472900e-01
-2.119050025939941406e-01 3.180769979953765869e-01 4.071089923381805420e-01
1.319860070943832397e-01 3.076969981193542480e-01 3.698959946632385254e-01
1.407579928636550903e-01 3.088630139827728271e-01 3.952020108699798584e-01
1.347610056400299072e-01 3.164660036563873291e-01 3.713830113410949707e-01
1.391469985246658325e-01 3.180769979953765869e-01 4.071089923381805420e-01
-2.003590017557144165e-01 3.164660036563873291e-01 3.654299974441528320e-01
-2.075199931859970093e-01 3.060860037803649902e-01 3.646000102162361145e-02
-2.047449946403503418e-01 3.328430056571960449e-01 3.743610084056854248e-01
1.271580010652542114e-01 3.164660036563873291e-01 3.654299974441528320e-01
1.319860070943832397e-01 3.328430056571960449e-01 3.743610084056854248e-01
1.375380009412765503e-01 3.268490135669708252e-01 3.862690031528472900e-01
1.347610056400299072e-01 3.060860037803649902e-01 3.646000102162361145e-02
-2.047449946403503418e-01 3.208520114421844482e-01 4.092599824070930481e-02
1.319860070943832397e-01 3.208520114421844482e-01 4.092599824070930481e-02
-1.943639963865280151e-01 3.334249854087829590e-01 3.669179975986480713e-01
-1.817909926176071167e-01 3.196859955787658691e-01 3.602190017700195312e-01
1.211630031466484070e-01 3.334249854087829590e-01 3.669179975986480713e-01
1.085899993777275085e-01 3.196859955787658691e-01 3.602190017700195312e-01
-2.167340070009231567e-01 3.388380110263824463e-01 4.085989892482757568e-01
1.435330063104629517e-01 3.388380110263824463e-01 4.085989892482757568e-01
-2.135159969329833984e-01 3.492180109024047852e-01 3.937129974365234375e-01
1.407579928636550903e-01 3.492180109024047852e-01 3.937129974365234375e-01
-2.031340003013610840e-01 3.552129864692687988e-01 3.832930028438568115e-01
1.303749978542327881e-01 3.552129864692687988e-01 3.832930028438568115e-01
-1.949460059404373169e-01 3.579899966716766357e-01 3.751049935817718506e-01
-1.839839965105056763e-01 3.312349915504455566e-01 3.639410138130187988e-01
1.221880018711090088e-01 3.579899966716766357e-01 3.751049935817718506e-01
1.107830032706260681e-01 3.312349915504455566e-01 3.639410138130187988e-01
-2.119050025939941406e-01 3.628180027008056641e-01 4.160400032997131348e-01
1.391469985246658325e-01 3.628180027008056641e-01 4.160400032997131348e-01
-2.091300040483474731e-01 3.715879917144775391e-01 4.041329920291900635e-01
1.363719999790191650e-01 3.715879917144775391e-01 4.041329920291900635e-01
-2.047449946403503418e-01 3.775840103626251221e-01 3.952020108699798584e-01
1.319860070943832397e-01 3.775840103626251221e-01 3.952020108699798584e-01
-1.933369934558868408e-01 3.841629922389984131e-01 3.877579867839813232e-01
-1.823730021715164185e-01 3.590170145034790039e-01 3.728719949722290039e-01
1.205789968371391296e-01 3.841629922389984131e-01 3.877579867839813232e-01
1.096139997243881226e-01 3.590170145034790039e-01 3.728719949722290039e-01
-2.151249945163726807e-01 3.851880133152008057e-01 4.279499948024749756e-01
1.423660069704055786e-01 3.851880133152008057e-01 4.279499948024749756e-01
-2.107390016317367554e-01 3.939589858055114746e-01 4.205650091171264648e-01
1.375380009412765503e-01 3.939589858055114746e-01 4.205650091171264648e-01
-2.031340003013610840e-01 3.999539911746978760e-01 4.130640029907226562e-01
1.303749978542327881e-01 3.999539911746978760e-01 4.130640029907226562e-01
-1.905599981546401978e-01 4.081439971923828125e-01 4.100849926471710205e-01
-1.801799982786178589e-01 3.879649937152862549e-01 3.877579867839813232e-01
1.178020015358924866e-01 4.081439971923828125e-01 4.100849926471710205e-01
1.074220016598701477e-01 3.879649937152862549e-01 3.877579867839813232e-01
-2.151249945163726807e-01 4.015649855136871338e-01 4.458119869232177734e-01
1.423660069704055786e-01 4.015649855136871338e-01 4.458119869232177734e-01
-2.091300040483474731e-01 4.103339910507202148e-01 4.398590028285980225e-01
1.363719999790191650e-01 4.103339910507202148e-01 4.398590028285980225e-01
-2.047449946403503418e-01 4.191060066223144531e-01 4.368799924850463867e-01
1.319860070943832397e-01 4.191060066223144531e-01 4.368799924850463867e-01
-1.921710073947906494e-01 4.261269867420196533e-01 4.353910088539123535e-01
-1.763779968023300171e-01 4.119449853897094727e-01 4.108310043811798096e-01
1.189699992537498474e-01 4.261269867420196533e-01 4.353910088539123535e-01
1.036200001835823059e-01 4.119449853897094727e-01 4.108310043811798096e-01
-2.151249945163726807e-01 4.125269949436187744e-01 4.651629924774169922e-01
1.423660069704055786e-01 4.125269949436187744e-01 4.651629924774169922e-01
-2.053290009498596191e-01 4.289039969444274902e-01 4.621860086917877197e-01
-2.145410031080245972e-01 4.223259985446929932e-01 4.636760056018829346e-01
1.325699985027313232e-01 4.289039969444274902e-01 4.621860086917877197e-01
1.413400024175643921e-01 4.223259985446929932e-01 4.636760056018829346e-01
-1.943639963865280151e-01 4.348990023136138916e-01 4.621860086917877197e-01
-1.703840047121047974e-01 4.305129945278167725e-01 4.353910088539123535e-01
1.211630031466484070e-01 4.348990023136138916e-01 4.621860086917877197e-01
9.762500226497650146e-02 4.305129945278167725e-01 4.353910088539123535e-01
-2.107390016317367554e-01 4.169130027294158936e-01 4.897249937057495117e-01
1.375380009412765503e-01 4.169130027294158936e-01 4.897249937057495117e-01
-2.119050025939941406e-01 4.261269867420196533e-01 4.904690086841583252e-01
1.391469985246658325e-01 4.261269867420196533e-01 4.904690086841583252e-01
-1.829569935798645020e-01 4.387030005455017090e-01 4.621860086917877197e-01
-2.037180066108703613e-01 4.343169927597045898e-01 4.912140071392059326e-01
1.309590041637420654e-01 4.343169927597045898e-01 4.912140071392059326e-01
1.101989969611167908e-01 4.387030005455017090e-01 4.621860086917877197e-01
-1.889519989490509033e-01 4.392850100994110107e-01 4.919579923152923584e-01
-1.703840047121047974e-01 4.436709880828857422e-01 4.927020072937011719e-01
-1.627780050039291382e-01 4.425039887428283691e-01 4.621860086917877197e-01
1.161929965019226074e-01 4.392850100994110107e-01 4.919579923152923584e-01
9.762500226497650146e-02 4.436709880828857422e-01 4.927020072937011719e-01
9.002000093460083008e-02 4.425039887428283691e-01 4.621860086917877197e-01
-2.145410031080245972e-01 4.131120145320892334e-01 5.217300057411193848e-01
1.413400024175643921e-01 4.131120145320892334e-01 5.217300057411193848e-01
-2.135159969329833984e-01 4.223259985446929932e-01 5.224729776382446289e-01
1.407579928636550903e-01 4.223259985446929932e-01 5.224729776382446289e-01
-2.047449946403503418e-01 4.310970008373260498e-01 5.232189893722534180e-01
1.319860070943832397e-01 4.310970008373260498e-01 5.232189893722534180e-01
-1.905599981546401978e-01 4.387030005455017090e-01 5.239620208740234375e-01
1.178020015358924866e-01 4.387030005455017090e-01 5.239620208740234375e-01
-1.697999984025955200e-01 4.425039887428283691e-01 5.172640085220336914e-01
-1.583919972181320190e-01 4.446969926357269287e-01 4.934470057487487793e-01
-1.741860061883926392e-01 4.425039887428283691e-01 5.232189893722534180e-01
1.014269962906837463e-01 4.425039887428283691e-01 5.232189893722534180e-01
8.563400059938430786e-02 4.446969926357269287e-01 4.934470057487487793e-01
9.659899771213531494e-02 4.425039887428283691e-01 5.172640085220336914e-01
-1.763779968023300171e-01 4.387030005455017090e-01 5.381039977073669434e-01
-1.905599981546401978e-01 4.327059984207153320e-01 5.366150140762329102e-01
1.036200001835823059e-01 4.387030005455017090e-01 5.381039977073669434e-01
1.178020015358924866e-01 4.327059984207153320e-01 5.366150140762329102e-01
9.323900192975997925e-02 4.387030005455017090e-01 5.351259708404541016e-01
-1.540089994668960571e-01 4.452820122241973877e-01 4.934470057487487793e-01
8.124999701976776123e-02 4.452820122241973877e-01 4.934470057487487793e-01
-1.452369987964630127e-01 4.387030005455017090e-01 5.381039977073669434e-01
-1.392430067062377930e-01 4.376760125160217285e-01 5.381039977073669434e-01
-1.436260044574737549e-01 4.354830086231231689e-01 5.544769763946533203e-01
7.203599810600280762e-02 4.387030005455017090e-01 5.381039977073669434e-01
6.648399680852890015e-02 4.376760125160217285e-01 5.381039977073669434e-01
7.086800038814544678e-02 4.354830086231231689e-01 5.544769763946533203e-01
8.402500301599502563e-02 4.376760125160217285e-01 5.544769763946533203e-01
-1.572259962558746338e-01 4.376760125160217285e-01 5.544769763946533203e-01
1.025929972529411316e-01 4.365079998970031738e-01 5.544769763946533203e-01
-1.911450028419494629e-01 4.267120063304901123e-01 5.574550032615661621e-01
-1.757940053939819336e-01 4.365079998970031738e-01 5.544769763946533203e-01
1.183860003948211670e-01 4.267120063304901123e-01 5.574550032615661621e-01
-2.063529938459396362e-01 4.245190024375915527e-01 5.336390137672424316e-01
1.331519931554794312e-01 4.245190024375915527e-01 5.336390137672424316e-01
-2.145410031080245972e-01 4.163289964199066162e-01 5.321499705314636230e-01
1.413400024175643921e-01 4.163289964199066162e-01 5.321499705314636230e-01
-2.151249945163726807e-01 4.081439971923828125e-01 5.306599736213684082e-01
1.423660069704055786e-01 4.081439971923828125e-01 5.306599736213684082e-01
-2.015250027179718018e-01 4.179399907588958740e-01 5.589429736137390137e-01
1.287660002708435059e-01 4.179399907588958740e-01 5.589429736137390137e-01
-2.097119987010955811e-01 4.065330028533935547e-01 5.604320168495178223e-01
1.369539946317672729e-01 4.065330028533935547e-01 5.604320168495178223e-01
-2.157090008258819580e-01 3.961519896984100342e-01 5.559660196304321289e-01
1.429509967565536499e-01 3.961519896984100342e-01 5.559660196304321289e-01
-1.244739964604377747e-01 4.005379974842071533e-01 5.899069905281066895e-01
-1.316370069980621338e-01 3.917660117149353027e-01 5.958589911460876465e-01
-1.316370069980621338e-01 4.043399989604949951e-01 5.916919708251953125e-01
5.887899920344352722e-02 3.917660117149353027e-01 5.958589911460876465e-01
5.127299949526786804e-02 4.005379974842071533e-01 5.899069905281066895e-01
5.887899920344352722e-02 4.043399989604949951e-01 5.916919708251953125e-01
-1.360229998826980591e-01 4.153040051460266113e-01 5.946689844131469727e-01
-1.332460045814514160e-01 4.191060066223144531e-01 5.768070220947265625e-01
6.326500326395034790e-02 4.153040051460266113e-01 5.946689844131469727e-01
6.048699840903282166e-02 4.191060066223144531e-01 5.768070220947265625e-01
-1.464029997587203979e-01 4.223259985446929932e-01 5.922880172729492188e-01
-1.420170068740844727e-01 4.283199906349182129e-01 5.753179788589477539e-01
7.364500313997268677e-02 4.223259985446929932e-01 5.922880172729492188e-01
6.925900280475616455e-02 4.283199906349182129e-01 5.753179788589477539e-01
-1.583919972181320190e-01 4.245190024375915527e-01 5.905020236968994141e-01
8.563400059938430786e-02 4.245190024375915527e-01 5.905020236968994141e-01
-1.703840047121047974e-01 4.229100048542022705e-01 5.910969972610473633e-01
-1.572259962558746338e-01 4.310970008373260498e-01 5.745739936828613281e-01
9.762500226497650146e-02 4.229100048542022705e-01 5.910969972610473633e-01
8.402500301599502563e-02 4.310970008373260498e-01 5.745739936828613281e-01
-1.791529953479766846e-01 4.147199988365173340e-01 5.916919708251953125e-01
-1.719930022954940796e-01 4.283199906349182129e-01 5.745739936828613281e-01
1.063949987292289734e-01 4.147199988365173340e-01 5.916919708251953125e-01
9.923399984836578369e-02 4.283199906349182129e-01 5.745739936828613281e-01
-1.867589950561523438e-01 4.037579894065856934e-01 5.931820273399353027e-01
1.140000000596046448e-01 4.037579894065856934e-01 5.931820273399353027e-01
-1.911450028419494629e-01 4.201329946517944336e-01 5.762109756469726562e-01
1.183860003948211670e-01 4.201329946517944336e-01 5.762109756469726562e-01
-1.883700042963027954e-01 3.907420039176940918e-01 5.946689844131469727e-01
-2.003590017557144165e-01 3.753910064697265625e-01 5.931820273399353027e-01
-1.927530020475387573e-01 4.087260067462921143e-01 5.812720060348510742e-01
1.156110018491744995e-01 3.907420039176940918e-01 5.946689844131469727e-01
1.199949979782104492e-01 4.087260067462921143e-01 5.812720060348510742e-01
-1.839839965105056763e-01 3.797770142555236816e-01 6.000279784202575684e-01
1.107830032706260681e-01 3.797770142555236816e-01 6.000279784202575684e-01
1.271580010652542114e-01 3.753910064697265625e-01 5.931820273399353027e-01
-1.736010015010833740e-01 3.721719980239868164e-01 6.012189984321594238e-01
1.004000008106231689e-01 3.721719980239868164e-01 6.012189984321594238e-01
-1.747699975967407227e-01 3.715879917144775391e-01 6.035990118980407715e-01
-1.583919972181320190e-01 3.688130080699920654e-01 6.006230115890502930e-01
1.020110026001930237e-01 3.715879917144775391e-01 6.035990118980407715e-01
8.563400059938430786e-02 3.688130080699920654e-01 6.006230115890502930e-01
-1.839839965105056763e-01 3.710060119628906250e-01 6.059830188751220703e-01
-1.600030064582824707e-01 3.688130080699920654e-01 6.059830188751220703e-01
1.107830032706260681e-01 3.710060119628906250e-01 6.059830188751220703e-01
8.724500238895416260e-02 3.688130080699920654e-01 6.059830188751220703e-01
-1.943639963865280151e-01 3.655929863452911377e-01 6.041949987411499023e-01
1.211630031466484070e-01 3.655929863452911377e-01 6.041949987411499023e-01
-1.616120040416717529e-01 3.672040104866027832e-01 6.101490259170532227e-01
8.841100335121154785e-02 3.672040104866027832e-01 6.101490259170532227e-01
-1.480119973421096802e-01 3.715879917144775391e-01 5.994330048561096191e-01
7.525400072336196899e-02 3.715879917144775391e-01 5.994330048561096191e-01
-1.464029997587203979e-01 3.715879917144775391e-01 6.047899723052978516e-01
7.364500313997268677e-02 3.715879917144775391e-01 6.047899723052978516e-01
-1.392430067062377930e-01 3.803589940071105957e-01 6.006230115890502930e-01
6.648399680852890015e-02 3.803589940071105957e-01 6.006230115890502930e-01
-1.348569989204406738e-01 3.803589940071105957e-01 6.035990118980407715e-01
-1.332460045814514160e-01 3.803589940071105957e-01 6.024090051651000977e-01
6.165599822998046875e-02 3.803589940071105957e-01 6.035990118980407715e-01
6.048699840903282166e-02 3.803589940071105957e-01 6.024090051651000977e-01
-1.464029997587203979e-01 3.672040104866027832e-01 6.113399863243103027e-01
7.364500313997268677e-02 3.672040104866027832e-01 6.113399863243103027e-01
-1.288599967956542969e-01 4.251030087471008301e-01 5.637069940567016602e-01
5.565899983048439026e-02 4.251030087471008301e-01 5.637069940567016602e-01
-1.987500041723251343e-01 3.923510015010833740e-01 5.864809751510620117e-01
1.259910017251968384e-01 3.923510015010833740e-01 5.864809751510620117e-01
-2.151249945163726807e-01 3.835789859294891357e-01 5.648970007896423340e-01
1.423660069704055786e-01 3.835789859294891357e-01 5.648970007896423340e-01
-2.119050025939941406e-01 3.639839887619018555e-01 5.797830224037170410e-01
1.391469985246658325e-01 3.639839887619018555e-01 5.797830224037170410e-01
-2.091300040483474731e-01 3.536039888858795166e-01 5.887140035629272461e-01
1.363719999790191650e-01 3.536039888858795166e-01 5.887140035629272461e-01
-2.063529938459396362e-01 3.492180109024047852e-01 5.946689844131469727e-01
1.331519931554794312e-01 3.492180109024047852e-01 5.946689844131469727e-01
-2.003590017557144165e-01 3.416149914264678955e-01 5.976470112800598145e-01
-1.867589950561523438e-01 3.360610008239746094e-01 6.125299930572509766e-01
1.271580010652542114e-01 3.416149914264678955e-01 5.976470112800598145e-01
1.140000000596046448e-01 3.360610008239746094e-01 6.125299930572509766e-01
-1.616120040416717529e-01 3.290399909019470215e-01 6.184849739074707031e-01
8.841100335121154785e-02 3.290399909019470215e-01 6.184849739074707031e-01
-1.763779968023300171e-01 4.550780057907104492e-01 4.011569917201995850e-01
-1.659979969263076782e-01 4.518580138683319092e-01 4.458119869232177734e-01
-1.583919972181320190e-01 4.490830004215240479e-01 4.696280062198638916e-01
1.036200001835823059e-01 4.550780057907104492e-01 4.011569917201995850e-01
9.323900192975997925e-02 4.518580138683319092e-01 4.458119869232177734e-01
8.563400059938430786e-02 4.490830004215240479e-01 4.696280062198638916e-01
-1.823730021715164185e-01 4.223259985446929932e-01 3.862690031528472900e-01
1.096139997243881226e-01 4.223259985446929932e-01 3.862690031528472900e-01
-1.807640045881271362e-01 4.550780057907104492e-01 3.803159892559051514e-01
1.080060005187988281e-01 4.550780057907104492e-01 3.803159892559051514e-01
-1.703840047121047974e-01 4.638499915599822998e-01 -1.094209998846054077e-01
-1.779869943857192993e-01 4.578549861907958984e-01 -7.964900135993957520e-02
-1.531299948692321777e-01 4.388470053672790527e-01 -1.406790018081665039e-01
-1.719930022954940796e-01 4.465959966182708740e-01 -1.109080016613006592e-01
9.762500226497650146e-02 4.638499915599822998e-01 -1.094209998846054077e-01
1.047860011458396912e-01 4.578549861907958984e-01 -7.964900135993957520e-02
8.037199825048446655e-02 4.388470053672790527e-01 -1.406790018081665039e-01
9.923399984836578369e-02 4.465959966182708740e-01 -1.109080016613006592e-01
-1.747699975967407227e-01 4.786179959774017334e-01 -7.816000282764434814e-02
-1.676069945096969604e-01 5.025960206985473633e-01 -7.816000282764434814e-02
1.020110026001930237e-01 4.786179959774017334e-01 -7.816000282764434814e-02
9.440600126981735229e-02 5.025960206985473633e-01 -7.816000282764434814e-02
-1.911450028419494629e-01 4.578549861907958984e-01 -3.796799853444099426e-02
-1.867589950561523438e-01 4.638499915599822998e-01 -3.796799853444099426e-02
-1.807640045881271362e-01 4.518580138683319092e-01 -7.964900135993957520e-02
1.183860003948211670e-01 4.578549861907958984e-01 -3.796799853444099426e-02
1.140000000596046448e-01 4.638499915599822998e-01 -3.796799853444099426e-02
1.080060005187988281e-01 4.518580138683319092e-01 -7.964900135993957520e-02
-1.911450028419494629e-01 4.578549861907958984e-01 -2.308299951255321503e-02
-1.927530020475387573e-01 4.398689866065979004e-01 -3.201400116086006165e-02
1.183860003948211670e-01 4.578549861907958984e-01 -2.308299951255321503e-02
1.199949979782104492e-01 4.398689866065979004e-01 -3.201400116086006165e-02
-1.883700042963027954e-01 4.654600024223327637e-01 -2.308299951255321503e-02
-1.971389949321746826e-01 4.610750079154968262e-01 2.604000084102153778e-02
1.156110018491744995e-01 4.654600024223327637e-01 -2.308299951255321503e-02
1.243809983134269714e-01 4.610750079154968262e-01 2.604000084102153778e-02
-1.943639963865280151e-01 4.682349860668182373e-01 4.092599824070930481e-02
-1.839839965105056763e-01 4.726229906082153320e-01 -2.308299951255321503e-02
-1.927530020475387573e-01 4.726229906082153320e-01 4.092599824070930481e-02
-1.971389949321746826e-01 4.682349860668182373e-01 1.123759970068931580e-01
-1.987500041723251343e-01 4.622409939765930176e-01 4.092599824070930481e-02
-2.015250027179718018e-01 4.622409939765930176e-01 1.123759970068931580e-01
1.107830032706260681e-01 4.726229906082153320e-01 -2.308299951255321503e-02
1.211630031466484070e-01 4.682349860668182373e-01 4.092599824070930481e-02
1.199949979782104492e-01 4.726229906082153320e-01 4.092599824070930481e-02
1.243809983134269714e-01 4.682349860668182373e-01 1.123759970068931580e-01
1.259910017251968384e-01 4.622409939765930176e-01 4.092599824070930481e-02
1.287660002708435059e-01 4.622409939765930176e-01 1.123759970068931580e-01
-1.883700042963027954e-01 4.742319881916046143e-01 4.092599824070930481e-02
-1.955299973487854004e-01 4.726229906082153320e-01 1.123759970068931580e-01
-1.927530020475387573e-01 4.742319881916046143e-01 1.123759970068931580e-01
1.156110018491744995e-01 4.742319881916046143e-01 4.092599824070930481e-02
1.227720007300376892e-01 4.726229906082153320e-01 1.123759970068931580e-01
1.199949979782104492e-01 4.742319881916046143e-01 1.123759970068931580e-01
-1.823730021715164185e-01 4.834460020065307617e-01 -3.796799853444099426e-02
1.096139997243881226e-01 4.834460020065307617e-01 -3.796799853444099426e-02
-1.747699975967407227e-01 5.113679766654968262e-01 -3.945799916982650757e-02
-1.763779968023300171e-01 4.966009855270385742e-01 -4.392300173640251160e-02
1.036200001835823059e-01 4.966009855270385742e-01 -4.392300173640251160e-02
1.020110026001930237e-01 5.113679766654968262e-01 -3.945799916982650757e-02
-1.703840047121047974e-01 5.300859808921813965e-01 -3.647900000214576721e-02
-1.736010015010833740e-01 5.217480063438415527e-01 -3.201400116086006165e-02
1.004000008106231689e-01 5.217480063438415527e-01 -3.201400116086006165e-02
9.762500226497650146e-02 5.300859808921813965e-01 -3.647900000214576721e-02
-1.719930022954940796e-01 5.381249785423278809e-01 -6.709999870508909225e-03
9.923399984836578369e-02 5.381249785423278809e-01 -6.709999870508909225e-03
-1.719930022954940796e-01 5.501139760017395020e-01 2.604000084102153778e-02
-1.703840047121047974e-01 5.561090111732482910e-01 2.604000084102153778e-02
9.923399984836578369e-02 5.501139760017395020e-01 2.604000084102153778e-02
9.762500226497650146e-02 5.561090111732482910e-01 2.604000084102153778e-02
-1.719930022954940796e-01 5.656129717826843262e-01 7.665000110864639282e-02
-1.736010015010833740e-01 5.577179789543151855e-01 7.665000110864639282e-02
1.004000008106231689e-01 5.577179789543151855e-01 7.665000110864639282e-02
9.923399984836578369e-02 5.656129717826843262e-01 7.665000110864639282e-02
-1.763779968023300171e-01 5.604950189590454102e-01 1.183310002088546753e-01
1.036200001835823059e-01 5.604950189590454102e-01 1.183310002088546753e-01
-1.763779968023300171e-01 5.561090111732482910e-01 1.227959990501403809e-01
1.036200001835823059e-01 5.561090111732482910e-01 1.227959990501403809e-01
-1.955299973487854004e-01 3.240720033645629883e-01 4.390199854969978333e-02
-1.971389949321746826e-01 3.372290134429931641e-01 4.181699827313423157e-02
-2.003590017557144165e-01 3.715879917144775391e-01 3.646000102162361145e-02
1.227720007300376892e-01 3.240720033645629883e-01 4.390199854969978333e-02
1.271580010652542114e-01 3.715879917144775391e-01 3.646000102162361145e-02
1.243809983134269714e-01 3.372290134429931641e-01 4.181699827313423157e-02
-2.003590017557144165e-01 3.907400071620941162e-01 2.455100044608116150e-02
-2.003590017557144165e-01 4.370920062065124512e-01 2.604000084102153778e-02
-2.003590017557144165e-01 4.119449853897094727e-01 9.665000252425670624e-03
1.271580010652542114e-01 3.907400071620941162e-01 2.455100044608116150e-02
1.271580010652542114e-01 4.370920062065124512e-01 2.604000084102153778e-02
1.271580010652542114e-01 4.119449853897094727e-01 9.665000252425670624e-03
-1.943639963865280151e-01 4.786179959774017334e-01 1.198199987411499023e-01
1.211630031466484070e-01 4.786179959774017334e-01 1.198199987411499023e-01
-1.943639963865280151e-01 4.862209856510162354e-01 1.242849975824356079e-01
1.211630031466484070e-01 4.862209856510162354e-01 1.242849975824356079e-01
-1.883700042963027954e-01 5.189729928970336914e-01 1.242849975824356079e-01
1.156110018491744995e-01 5.189729928970336914e-01 1.242849975824356079e-01
-1.791529953479766846e-01 5.501139760017395020e-01 1.242849975824356079e-01
1.063949987292289734e-01 5.501139760017395020e-01 1.242849975824356079e-01
-6.364800035953521729e-02 4.093120098114013672e-01 -2.240380048751831055e-01
-6.335800141096115112e-02 4.148660004138946533e-01 -2.240380048751831055e-01
-7.213000208139419556e-02 4.093120098114013672e-01 -2.180839926004409790e-01
-4.814900085330009460e-02 4.148660004138946533e-01 -2.299930006265640259e-01
-4.537500068545341492e-02 4.093120098114013672e-01 -2.347580045461654663e-01
-9.109999984502792358e-03 4.093120098114013672e-01 -2.240380048751831055e-01
-6.290000164881348610e-04 4.093120098114013672e-01 -2.180839926004409790e-01
-9.843000210821628571e-03 4.148660004138946533e-01 -2.240380048751831055e-01
-2.460899949073791504e-02 4.148660004138946533e-01 -2.299930006265640259e-01
-2.738399989902973175e-02 4.093120098114013672e-01 -2.347580045461654663e-01
-6.788799911737442017e-02 4.148660004138946533e-01 -2.180839926004409790e-01
-7.636900246143341064e-02 4.103339910507202148e-01 -2.210620045661926270e-01
-4.871000070124864578e-03 4.148660004138946533e-01 -2.180839926004409790e-01
3.611000021919608116e-03 4.103339910507202148e-01 -2.210620045661926270e-01
-5.136900022625923157e-02 4.188160002231597900e-01 -2.210620045661926270e-01
-7.213000208139419556e-02 4.163289964199066162e-01 -2.180839926004409790e-01
-2.138900011777877808e-02 4.188160002231597900e-01 -2.210620045661926270e-01
-6.290000164881348610e-04 4.163289964199066162e-01 -2.180839926004409790e-01
-3.660099953413009644e-02 4.093120098114013672e-01 -2.359479963779449463e-01
-3.660099953413009644e-02 4.148660004138946533e-01 -2.329719960689544678e-01
-3.660099953413009644e-02 4.198389947414398193e-01 -2.270170003175735474e-01
-5.136900022625923157e-02 4.208610057830810547e-01 -2.180839926004409790e-01
-2.138900011777877808e-02 4.208610057830810547e-01 -2.180839926004409790e-01
-3.660099953413009644e-02 4.223259985446929932e-01 -2.180839926004409790e-01
-7.213000208139419556e-02 3.743650019168853760e-01 -2.419030070304870605e-01
-3.660099953413009644e-02 3.743650019168853760e-01 -2.419030070304870605e-01
-7.213000208139419556e-02 4.071170091629028320e-01 -2.299930006265640259e-01
-3.660099953413009644e-02 4.071170091629028320e-01 -2.299930006265640259e-01
-6.290000164881348610e-04 3.743650019168853760e-01 -2.419030070304870605e-01
-6.290000164881348610e-04 4.071170091629028320e-01 -2.299930006265640259e-01
-5.765400081872940063e-02 3.416129946708679199e-01 -2.490479946136474609e-01
-3.660099953413009644e-02 3.416129946708679199e-01 -2.490479946136474609e-01
-3.660099953413009644e-02 3.568220138549804688e-01 -2.466669976711273193e-01
-1.510499976575374603e-02 3.416129946708679199e-01 -2.490479946136474609e-01
-5.838600173592567444e-02 3.328430056571960449e-01 -2.490479946136474609e-01
-1.437299977988004684e-02 3.328430056571960449e-01 -2.490479946136474609e-01
-3.660099953413009644e-02 3.328430056571960449e-01 -2.490479946136474609e-01
-5.765400081872940063e-02 3.568220138549804688e-01 -2.466669976711273193e-01
-3.660099953413009644e-02 3.571110069751739502e-01 -2.460689991712570190e-01
-1.510499976575374603e-02 3.568220138549804688e-01 -2.466669976711273193e-01
-5.736399814486503601e-02 3.571110069751739502e-01 -2.460689991712570190e-01
-3.660099953413009644e-02 3.588660061359405518e-01 -2.407120019197463989e-01
-1.539499964565038681e-02 3.571110069751739502e-01 -2.460689991712570190e-01
-5.589799955487251282e-02 3.588660061359405518e-01 -2.407120019197463989e-01
-1.686000078916549683e-02 3.588660061359405518e-01 -2.407120019197463989e-01
-3.660099953413009644e-02 3.595989942550659180e-01 -2.401169985532760620e-01
-7.563699781894683838e-02 3.476090133190155029e-01 -2.478570044040679932e-01
-7.636900246143341064e-02 3.360610008239746094e-01 -2.478570044040679932e-01
2.879000036045908928e-03 3.476090133190155029e-01 -2.478570044040679932e-01
3.611000021919608116e-03 3.360610008239746094e-01 -2.478570044040679932e-01
-7.563699781894683838e-02 3.595989942550659180e-01 -2.454739958047866821e-01
2.879000036045908928e-03 3.595989942550659180e-01 -2.454739958047866821e-01
-7.534699887037277222e-02 3.603309988975524902e-01 -2.448790073394775391e-01
2.146000042557716370e-03 3.603309988975524902e-01 -2.448790073394775391e-01
-7.315199822187423706e-02 3.628180027008056641e-01 -2.395219951868057251e-01
-5.560899898409843445e-02 3.595989942550659180e-01 -2.401169985532760620e-01
3.940000024158507586e-04 3.628180027008056641e-01 -2.395219951868057251e-01
-1.759199984371662140e-02 3.595989942550659180e-01 -2.401169985532760620e-01
-9.113600105047225952e-02 3.536039888858795166e-01 -2.359479963779449463e-01
-9.260100126266479492e-02 3.448320031166076660e-01 -2.389239966869354248e-01
1.837700046598911285e-02 3.536039888858795166e-01 -2.359479963779449463e-01
1.940000057220458984e-02 3.448320031166076660e-01 -2.389239966869354248e-01
-8.836100250482559204e-02 3.648610115051269531e-01 -2.329719960689544678e-01
1.515999995172023773e-02 3.648610115051269531e-01 -2.329719960689544678e-01
-8.762799948453903198e-02 3.655929863452911377e-01 -2.329719960689544678e-01
1.487000007182359695e-02 3.655929863452911377e-01 -2.329719960689544678e-01
-8.514100313186645508e-02 3.673479855060577393e-01 -2.305880039930343628e-01
-7.213000208139419556e-02 3.631060123443603516e-01 -2.389239966869354248e-01
1.238299999386072159e-02 3.673479855060577393e-01 -2.305880039930343628e-01
-6.290000164881348610e-04 3.631060123443603516e-01 -2.389239966869354248e-01
-1.021049991250038147e-01 3.655929863452911377e-01 -2.288029938936233521e-01
-1.080989986658096313e-01 3.568220138549804688e-01 -2.270170003175735474e-01
2.890400029718875885e-02 3.655929863452911377e-01 -2.288029938936233521e-01
3.489800170063972473e-02 3.568220138549804688e-01 -2.270170003175735474e-01
-9.464500099420547485e-02 3.715879917144775391e-01 -2.288029938936233521e-01
2.188700065016746521e-02 3.715879917144775391e-01 -2.288029938936233521e-01
-9.362299740314483643e-02 3.715879917144775391e-01 -2.288029938936233521e-01
2.086400054395198822e-02 3.715879917144775391e-01 -2.288029938936233521e-01
-9.113600105047225952e-02 3.715879917144775391e-01 -2.270170003175735474e-01
-8.411899954080581665e-02 3.680799901485443115e-01 -2.299930006265640259e-01
1.837700046598911285e-02 3.715879917144775391e-01 -2.270170003175735474e-01
1.135999988764524460e-02 3.680799901485443115e-01 -2.299930006265640259e-01
-1.136509999632835388e-01 3.803589940071105957e-01 -2.151080071926116943e-01
-1.211109980940818787e-01 3.708550035953521729e-01 -2.091549932956695557e-01
4.089299961924552917e-02 3.803589940071105957e-01 -2.151080071926116943e-01
4.791000112891197205e-02 3.708550035953521729e-01 -2.091549932956695557e-01
-1.048820018768310547e-01 3.853340148925781250e-01 -2.151080071926116943e-01
3.212299942970275879e-02 3.853340148925781250e-01 -2.151080071926116943e-01
-9.011600166559219360e-02 3.715879917144775391e-01 -2.270170003175735474e-01
1.735699921846389771e-02 3.715879917144775391e-01 -2.270170003175735474e-01
-8.090099692344665527e-02 3.835789859294891357e-01 -2.270170003175735474e-01
-9.289100021123886108e-02 4.015629887580871582e-01 -2.222529947757720947e-01
8.143000304698944092e-03 3.835789859294891357e-01 -2.270170003175735474e-01
2.013199962675571442e-02 4.015629887580871582e-01 -2.222529947757720947e-01
-7.534699887037277222e-02 4.071170091629028320e-01 -2.240380048751831055e-01
2.146000042557716370e-03 4.071170091629028320e-01 -2.240380048751831055e-01
-3.660099953413009644e-02 4.071170091629028320e-01 -2.240380048751831055e-01
-1.288599967956542969e-01 3.983449935913085938e-01 -1.924809962511062622e-01
-1.348569989204406738e-01 3.905960023403167725e-01 -1.883140057325363159e-01
5.565899983048439026e-02 3.983449935913085938e-01 -1.924809962511062622e-01
6.165599822998046875e-02 3.905960023403167725e-01 -1.883140057325363159e-01
-1.168709993362426758e-01 4.033170044422149658e-01 -1.984360069036483765e-01
4.411200061440467834e-02 4.033170044422149658e-01 -1.984360069036483765e-01
-1.048820018768310547e-01 4.173510074615478516e-01 -2.103450000286102295e-01
3.212299942970275879e-02 4.173510074615478516e-01 -2.103450000286102295e-01
-1.464029997587203979e-01 4.223259985446929932e-01 -1.585430055856704712e-01
-1.452369987964630127e-01 4.103339910507202148e-01 -1.630080044269561768e-01
-1.263750046491622925e-01 3.775840103626251221e-01 -2.002220004796981812e-01
-1.386539936065673828e-01 3.983449935913085938e-01 -1.764049977064132690e-01
7.364500313997268677e-02 4.223259985446929932e-01 -1.585430055856704712e-01
7.203599810600280762e-02 4.103339910507202148e-01 -1.630080044269561768e-01
5.361700057983398438e-02 3.775840103626251221e-01 -2.002220004796981812e-01
6.589599698781967163e-02 3.983449935913085938e-01 -1.764049977064132690e-01
-1.408510059118270874e-01 4.300749897956848145e-01 -1.644980013370513916e-01
6.764999777078628540e-02 4.300749897956848145e-01 -1.644980013370513916e-01
-1.306149959564208984e-01 4.343169927597045898e-01 -1.674740016460418701e-01
5.785600095987319946e-02 4.343169927597045898e-01 -1.674740016460418701e-01
-1.091220006346702576e-01 4.483509957790374756e-01 -1.734289973974227905e-01
3.636299818754196167e-02 4.483509957790374756e-01 -1.734289973974227905e-01
-7.534699887037277222e-02 4.518580138683319092e-01 -1.835500001907348633e-01
2.146000042557716370e-03 4.518580138683319092e-01 -1.835500001907348633e-01
-3.660099953413009644e-02 4.550780057907104492e-01 -1.942670047283172607e-01
-1.616120040416717529e-01 4.387010037899017334e-01 -1.347240060567855835e-01
8.841100335121154785e-02 4.387010037899017334e-01 -1.347240060567855835e-01
-1.228649988770484924e-01 3.136909902095794678e-01 -2.430929988622665405e-01
-1.256420016288757324e-01 3.655929863452911377e-01 -2.121309936046600342e-01
5.010699853301048279e-02 3.136909902095794678e-01 -2.430929988622665405e-01
5.288400128483772278e-02 3.655929863452911377e-01 -2.121309936046600342e-01
-8.090099692344665527e-02 3.120799958705902100e-01 -2.490479946136474609e-01
-7.812400162220001221e-02 3.208520114421844482e-01 -2.454739958047866821e-01
8.143000304698944092e-03 3.120799958705902100e-01 -2.490479946136474609e-01
5.365999881178140640e-03 3.208520114421844482e-01 -2.454739958047866821e-01
-7.213000208139419556e-02 3.223170042037963867e-01 -2.448790073394775391e-01
-6.290000164881348610e-04 3.223170042037963867e-01 -2.448790073394775391e-01
-6.613499671220779419e-02 3.208520114421844482e-01 -2.478570044040679932e-01
-6.622999906539916992e-03 3.208520114421844482e-01 -2.478570044040679932e-01
-6.335800141096115112e-02 3.120799958705902100e-01 -2.538119852542877197e-01
-9.843000210821628571e-03 3.120799958705902100e-01 -2.538119852542877197e-01
-3.660099953413009644e-02 3.120799958705902100e-01 -2.538119852542877197e-01
-1.512320041656494141e-01 3.967370092868804932e-01 -1.770000010728836060e-01
-1.480119973421096802e-01 3.955680131912231445e-01 -1.883140057325363159e-01
-1.719930022954940796e-01 4.087260067462921143e-01 -1.659850031137466431e-01
7.803100347518920898e-02 3.967370092868804932e-01 -1.770000010728836060e-01
7.525400072336196899e-02 3.955680131912231445e-01 -1.883140057325363159e-01
9.923399984836578369e-02 4.087260067462921143e-01 -1.659850031137466431e-01
-1.496230065822601318e-01 3.759759962558746338e-01 -1.972460001707077026e-01
7.686500251293182373e-02 3.759759962558746338e-01 -1.972460001707077026e-01
-1.616120040416717529e-01 3.628180027008056641e-01 -2.046869993209838867e-01
8.841100335121154785e-02 3.628180027008056641e-01 -2.046869993209838867e-01
-1.627780050039291382e-01 3.180769979953765869e-01 -2.329719960689544678e-01
9.002000093460083008e-02 3.180769979953765869e-01 -2.329719960689544678e-01
-1.867589950561523438e-01 3.208520114421844482e-01 -2.136200070381164551e-01
-1.719930022954940796e-01 3.655929863452911377e-01 -1.987349987030029297e-01
1.140000000596046448e-01 3.208520114421844482e-01 -2.136200070381164551e-01
9.923399984836578369e-02 3.655929863452911377e-01 -1.987349987030029297e-01
-2.075199931859970093e-01 3.328430056571960449e-01 -1.838490068912506104e-01
-1.763779968023300171e-01 3.715879917144775391e-01 -1.942690014839172363e-01
1.347610056400299072e-01 3.328430056571960449e-01 -1.838490068912506104e-01
1.199949979782104492e-01 3.612070083618164062e-01 -1.972460001707077026e-01
1.036200001835823059e-01 3.715879917144775391e-01 -1.942690014839172363e-01
-1.927530020475387573e-01 3.612070083618164062e-01 -1.972460001707077026e-01
-2.119050025939941406e-01 3.404470086097717285e-01 -1.644980013370513916e-01
1.391469985246658325e-01 3.404470086097717285e-01 -1.644980013370513916e-01
-1.955299973487854004e-01 3.688130080699920654e-01 -1.793809980154037476e-01
-1.791529953479766846e-01 3.851880133152008057e-01 -1.838490068912506104e-01
1.227720007300376892e-01 3.688130080699920654e-01 -1.793809980154037476e-01
1.347610056400299072e-01 3.552129864692687988e-01 -1.704500019550323486e-01
1.063949987292289734e-01 3.851880133152008057e-01 -1.838490068912506104e-01
-1.955299973487854004e-01 3.835789859294891357e-01 -1.719399988651275635e-01
-1.791529953479766846e-01 3.879649937152862549e-01 -1.793809980154037476e-01
1.227720007300376892e-01 3.835789859294891357e-01 -1.719399988651275635e-01
1.063949987292289734e-01 3.879649937152862549e-01 -1.793809980154037476e-01
-2.075199931859970093e-01 3.552129864692687988e-01 -1.704500019550323486e-01
-2.151249945163726807e-01 3.688130080699920654e-01 -1.451440006494522095e-01
1.423660069704055786e-01 3.688130080699920654e-01 -1.451440006494522095e-01
-2.003590017557144165e-01 3.895739912986755371e-01 -1.659850031137466431e-01
-2.119050025939941406e-01 3.759759962558746338e-01 -1.525879949331283569e-01
1.391469985246658325e-01 3.759759962558746338e-01 -1.525879949331283569e-01
-1.779869943857192993e-01 3.999539911746978760e-01 -1.674740016460418701e-01
1.271580010652542114e-01 3.895739912986755371e-01 -1.659850031137466431e-01
1.047860011458396912e-01 3.999539911746978760e-01 -1.674740016460418701e-01
-2.157090008258819580e-01 3.907400071620941162e-01 -1.287720054388046265e-01
1.429509967565536499e-01 3.907400071620941162e-01 -1.287720054388046265e-01
-2.047449946403503418e-01 4.147199988365173340e-01 -1.377030014991760254e-01
-2.135159969329833984e-01 4.027310013771057129e-01 -1.347240060567855835e-01
1.319860070943832397e-01 4.147199988365173340e-01 -1.377030014991760254e-01
1.407579928636550903e-01 4.027310013771057129e-01 -1.347240060567855835e-01
-1.867589950561523438e-01 4.283199906349182129e-01 -1.362130045890808105e-01
1.140000000596046448e-01 4.283199906349182129e-01 -1.362130045890808105e-01
-2.167340070009231567e-01 4.087260067462921143e-01 -9.304600208997726440e-02
1.435330063104629517e-01 4.087260067462921143e-01 -9.304600208997726440e-02
-2.047449946403503418e-01 4.387010037899017334e-01 -8.709099888801574707e-02
-2.135159969329833984e-01 4.267120063304901123e-01 -9.155599772930145264e-02
1.319860070943832397e-01 4.387010037899017334e-01 -8.709099888801574707e-02
1.407579928636550903e-01 4.267120063304901123e-01 -9.155599772930145264e-02
1.189699992537498474e-01 4.474720060825347900e-01 -8.411499857902526855e-02
-2.167340070009231567e-01 4.087260067462921143e-01 -4.838899895548820496e-02
1.435330063104629517e-01 4.087260067462921143e-01 -4.838899895548820496e-02
-2.151249945163726807e-01 4.223259985446929932e-01 -4.541200026869773865e-02
1.423660069704055786e-01 4.223259985446929932e-01 -4.541200026869773865e-02
-1.921710073947906494e-01 4.474720060825347900e-01 -8.411499857902526855e-02
-2.097119987010955811e-01 4.294889867305755615e-01 -3.945799916982650757e-02
1.369539946317672729e-01 4.294889867305755615e-01 -3.945799916982650757e-02
-2.015250027179718018e-01 4.354830086231231689e-01 -3.350299969315528870e-02
1.287660002708435059e-01 4.354830086231231689e-01 -3.350299969315528870e-02
-2.167340070009231567e-01 3.923510015010833740e-01 -1.415199972689151764e-02
1.435330063104629517e-01 3.923510015010833740e-01 -1.415199972689151764e-02
-2.157090008258819580e-01 3.999539911746978760e-01 -8.197000250220298767e-03
1.429509967565536499e-01 3.999539911746978760e-01 -8.197000250220298767e-03
-2.119050025939941406e-01 4.059480130672454834e-01 7.340000011026859283e-04
1.391469985246658325e-01 4.059480130672454834e-01 7.340000011026859283e-04
-2.063529938459396362e-01 4.119449853897094727e-01 5.200000014156103134e-03
1.331519931554794312e-01 4.119449853897094727e-01 5.200000014156103134e-03
-2.157090008258819580e-01 3.595989942550659180e-01 8.178000338375568390e-03
1.429509967565536499e-01 3.595989942550659180e-01 8.178000338375568390e-03
-2.151249945163726807e-01 3.617919981479644775e-01 1.561999972909688950e-02
1.423660069704055786e-01 3.617919981479644775e-01 1.561999972909688950e-02
-2.119050025939941406e-01 3.639839887619018555e-01 2.455100044608116150e-02
1.391469985246658325e-01 3.639839887619018555e-01 2.455100044608116150e-02
-2.063529938459396362e-01 3.672020137310028076e-01 2.901599928736686707e-02
1.331519931554794312e-01 3.672020137310028076e-01 2.901599928736686707e-02
-2.135159969329833984e-01 3.300659954547882080e-01 1.710899919271469116e-02
1.407579928636550903e-01 3.300659954547882080e-01 1.710899919271469116e-02
-2.119050025939941406e-01 3.312320113182067871e-01 2.901599928736686707e-02
1.391469985246658325e-01 3.312320113182067871e-01 2.901599928736686707e-02
-2.107390016317367554e-01 3.328430056571960449e-01 3.497099876403808594e-02
1.375380009412765503e-01 3.328430056571960449e-01 3.497099876403808594e-02
-2.047449946403503418e-01 3.344520032405853271e-01 3.943600133061408997e-02
-1.971389949321746826e-01 3.240720033645629883e-01 4.390199854969978333e-02
1.319860070943832397e-01 3.344520032405853271e-01 3.943600133061408997e-02
1.243809983134269714e-01 3.240720033645629883e-01 4.390199854969978333e-02
-2.135159969329833984e-01 3.180769979953765869e-01 1.710899919271469116e-02
1.407579928636550903e-01 3.180769979953765869e-01 1.710899919271469116e-02
-2.135159969329833984e-01 3.060860037803649902e-01 2.604000084102153778e-02
1.407579928636550903e-01 3.060860037803649902e-01 2.604000084102153778e-02
-2.075199931859970093e-01 3.180769979953765869e-01 3.794699907302856445e-02
1.347610056400299072e-01 3.180769979953765869e-01 3.794699907302856445e-02
-2.119050025939941406e-01 3.060860037803649902e-01 2.604000084102153778e-02
1.391469985246658325e-01 3.060860037803649902e-01 2.604000084102153778e-02
