3.866494894027709961e+00 2.686904907226562500e+01 -4.725300148129463196e-02
3.082151889801025391e+00 2.691444396972656250e+01 -1.207230016589164734e-01
2.454957962036132812e+00 2.673447418212890625e+01 4.512059986591339111e-01
4.361573219299316406e+00 2.651005554199218750e+01 2.813110053539276123e-01
2.103085994720458984e+00 2.678614044189453125e+01 3.428199887275695801e-01
2.020411968231201172e+00 2.637471008300781250e+01 5.675110220909118652e-01
3.584815979003906250e+00 2.657891082763671875e+01 8.704950213432312012e-01
3.402328968048095703e+00 2.688571929931640625e+01 -8.259069919586181641e-01
4.325182914733886719e+00 2.672358703613281250e+01 -4.017499983310699463e-01
2.587915897369384766e+00 2.681855773925781250e+01 -6.205319762229919434e-01
3.477756023406982422e+00 2.679894256591796875e+01 -5.411930084228515625e-01
1.823343992233276367e+00 2.664168548583984375e+01 -7.104200124740600586e-02
2.415705919265747070e+00 2.659604644775390625e+01 2.122299931943416595e-02
2.204252958297729492e+00 2.624405670166015625e+01 1.155966997146606445e+00
4.587161064147949219e+00 2.573265838623046875e+01 1.215585947036743164e+00
3.549650907516479492e+00 2.627233123779296875e+01 9.988809823989868164e-01
3.781735897064208984e+00 2.617832946777343750e+01 1.216559052467346191e+00
2.352593898773193359e+00 2.576644134521484375e+01 1.534512996673583984e+00
3.727258920669555664e+00 2.563967895507812500e+01 1.603641033172607422e+00
3.648096084594726562e+00 2.653173828125000000e+01 -1.685824036598205566e+00
4.487640857696533203e+00 2.657589721679687500e+01 -9.500079751014709473e-01
4.968290805816650391e+00 2.593740844726562500e+01 6.547650098800659180e-01
2.788610935211181641e+00 2.660169982910156250e+01 -1.497437000274658203e+00
1.740990042686462402e+00 2.645783233642578125e+01 -8.903660178184509277e-01
1.587036013603210449e+00 2.618452453613281250e+01 -1.773149967193603516e-01
1.688706994056701660e+00 2.605136108398437500e+01 4.664579927921295166e-01
5.328479766845703125e+00 2.582261657714843750e+01 3.233999945223331451e-03
2.092269897460937500e+00 2.540322875976562500e+01 1.486377954483032227e+00
2.650811910629272461e+00 2.513829040527343750e+01 1.925179004669189453e+00
3.141473054885864258e+00 2.466140747070312500e+01 2.086666107177734375e+00
1.435678958892822266e+00 2.607458496093750000e+01 -8.917959928512573242e-01
5.114025115966796875e+00 2.478965759277343750e+01 1.349429011344909668e+00
2.967289924621582031e+00 2.599996185302734375e+01 -2.314297914505004883e+00
4.307751178741455078e+00 2.584424591064453125e+01 -2.396379947662353516e+00
1.955175995826721191e+00 2.607882690429687500e+01 -2.076528072357177734e+00
2.383255004882812500e+00 2.619048309326171875e+01 -1.906538009643554688e+00
4.916310787200927734e+00 2.607360839843750000e+01 -1.619879961013793945e+00
5.149703025817871094e+00 2.598778533935546875e+01 -1.100924968719482422e+00
1.071820974349975586e+00 2.539795684814453125e+01 5.293959975242614746e-01
1.780084013938903809e+00 2.490737152099609375e+01 1.541059017181396484e+00
4.371566772460937500e+00 2.465688323974609375e+01 1.868023991584777832e+00
8.742349743843078613e-01 2.560713958740234375e+01 -6.854130029678344727e-01
5.955886840820312500e+00 2.496604919433593750e+01 -9.049969911575317383e-01
7.252200245857238770e-01 2.484417724609375000e+01 4.449079930782318115e-01
1.202069997787475586e+00 2.445607757568359375e+01 1.190320968627929688e+00
1.241039037704467773e+00 2.564558410644531250e+01 -1.680289030075073242e+00
5.494594097137451172e+00 2.508351898193359375e+01 -1.586964964866638184e+00
9.847570061683654785e-01 2.524816894531250000e+01 -1.361446976661682129e+00
5.950982093811035156e+00 2.465623474121093750e+01 -7.116000354290008545e-02
5.144989013671875000e+00 2.375723266601562500e+01 1.295606017112731934e+00
2.226721048355102539e+00 2.416499328613281250e+01 1.931377053260803223e+00
2.845695018768310547e+00 2.552101135253906250e+01 -2.821084976196289062e+00
3.432017087936401367e+00 2.481996154785156250e+01 -3.215229034423828125e+00
2.245121002197265625e+00 2.574871826171875000e+01 -2.550059080123901367e+00
4.631515979766845703e+00 2.492380523681640625e+01 -2.800298929214477539e+00
6.275780200958251953e-01 2.457452392578125000e+01 -8.555120229721069336e-01
3.045120000839233398e+00 2.413573455810546875e+01 2.333992004394531250e+00
3.744590044021606445e+00 2.360517883300781250e+01 2.274235963821411133e+00
3.002829074859619141e+00 2.392915344238281250e+01 2.608355998992919922e+00
3.338706016540527344e+00 2.384124755859375000e+01 2.696616888046264648e+00
3.059406995773315430e+00 2.328567504882812500e+01 2.426546096801757812e+00
1.855919957160949707e+00 2.525179290771484375e+01 -2.702686071395874023e+00
5.724140167236328125e+00 2.331510925292968750e+01 5.454350113868713379e-01
4.681642055511474609e+00 2.279827880859375000e+01 1.653467059135437012e+00
4.059083938598632812e+00 2.436257934570312500e+01 -3.281790971755981445e+00
1.227843999862670898e+00 2.509891510009765625e+01 -2.125890016555786133e+00
5.546230792999267578e+00 2.415465545654296875e+01 -2.049017906188964844e+00
3.534770011901855469e-01 2.422462463378906250e+01 -3.429639935493469238e-01
2.937903881072998047e+00 2.353655242919921875e+01 2.102752923965454102e+00
1.908277988433837891e+00 2.448960113525390625e+01 -2.931479930877685547e+00
1.338423013687133789e+00 2.449952697753906250e+01 -1.995188951492309570e+00
8.284649848937988281e-01 2.415316772460937500e+01 -1.193681001663208008e+00
5.857882022857666016e+00 2.385556030273437500e+01 -1.612135052680969238e+00
3.792499899864196777e-01 2.330709075927734375e+01 1.867270022630691528e-01
4.321444988250732422e+00 2.292424774169921875e+01 1.779417037963867188e+00
3.105098962783813477e+00 2.404830932617187500e+01 -3.366096019744873047e+00
4.912487030029296875e+00 2.437737274169921875e+01 -2.861248016357421875e+00
1.280180066823959351e-01 2.371218109130859375e+01 -1.200806975364685059e+00
5.292727947235107422e+00 2.254225158691406250e+01 7.816720008850097656e-01
3.511230945587158203e+00 2.278999328613281250e+01 1.856814980506896973e+00
3.737375974655151367e+00 2.288198852539062500e+01 2.239969968795776367e+00
1.938657999038696289e+00 2.394975280761718750e+01 -2.800843000411987305e+00
2.833112955093383789e+00 2.364852905273437500e+01 -3.249763011932373047e+00
1.652024984359741211e+00 2.303150939941406250e+01 -2.833199977874755859e+00
1.223134040832519531e+00 2.394055938720703125e+01 -2.254277944564819336e+00
6.106695175170898438e+00 2.347596740722656250e+01 -7.137550115585327148e-01
9.241070151329040527e-01 2.282917022705078125e+01 1.068714976310729980e+00
1.995285034179687500e+00 2.198028564453125000e+01 1.440430045127868652e+00
2.746608972549438477e+00 2.198785400390625000e+01 1.417217016220092773e+00
-1.101927042007446289e+00 2.429676818847656250e+01 -3.420075893402099609e+00
-1.630170941352844238e+00 2.398112487792968750e+01 -2.409382104873657227e+00
5.215432167053222656e+00 2.376255798339843750e+01 -2.579144954681396484e+00
6.983389854431152344e-01 2.338731384277343750e+01 -2.283117055892944336e+00
4.257619976997375488e-01 2.358523559570312500e+01 -1.591022014617919922e+00
1.585450023412704468e-01 2.250170898437500000e+01 6.701040267944335938e-01
1.889395952224731445e+00 2.271871948242187500e+01 1.534670948982238770e+00
3.812097072601318359e+00 2.210906219482421875e+01 1.410619020462036133e+00
-2.031709998846054077e-01 2.421791076660156250e+01 -3.916222095489501953e+00
-9.141319990158081055e-01 2.416792297363281250e+01 -3.937201023101806641e+00
-8.627709746360778809e-01 2.388324737548828125e+01 -3.189150094985961914e+00
2.847389876842498779e-01 2.373835754394531250e+01 -3.923015117645263672e+00
-1.859529972076416016e+00 2.405291748046875000e+01 -3.025758028030395508e+00
4.529579162597656250e+00 2.319656372070312500e+01 -2.979212999343872070e+00
-2.073117017745971680e+00 2.351041412353515625e+01 -1.932984948158264160e+00
-1.216920971870422363e+00 2.361237335205078125e+01 -2.308274984359741211e+00
-1.391844034194946289e+00 2.344319152832031250e+01 -1.689775943756103516e+00
-8.953999727964401245e-02 2.342723846435546875e+01 -1.676713943481445312e+00
-9.609940052032470703e-01 2.307440948486328125e+01 -1.597980022430419922e+00
-6.706110239028930664e-01 2.329776000976562500e+01 -1.327378034591674805e+00
5.768248081207275391e+00 2.255861663818359375e+01 -1.004824042320251465e+00
-1.479307055473327637e+00 2.310353088378906250e+01 -1.520539045333862305e+00
-4.100500047206878662e-02 2.303800201416015625e+01 -4.761500060558319092e-01
8.261240124702453613e-01 2.212821197509765625e+01 1.166960000991821289e+00
-3.799990117549896240e-01 2.392130279541015625e+01 -4.616936206817626953e+00
-1.481271028518676758e+00 2.412381744384765625e+01 -3.584078073501586914e+00
-3.023970127105712891e-01 2.345964813232421875e+01 -3.273825883865356445e+00
3.558515071868896484e+00 2.348320770263671875e+01 -3.197962999343872070e+00
-2.128026008605957031e+00 2.366651916503906250e+01 -2.426079034805297852e+00
-5.531020164489746094e-01 2.313361358642578125e+01 -2.905093908309936523e+00
2.155391931533813477e+00 2.282585144042968750e+01 -2.839426040649414062e+00
2.755542993545532227e+00 2.329551696777343750e+01 -2.824242115020751953e+00
-7.609999775886535645e-01 2.324113464355468750e+01 -2.128571033477783203e+00
-1.938176035881042480e+00 2.305485534667968750e+01 -1.440003037452697754e+00
-4.291059970855712891e-01 2.275535583496093750e+01 -5.152180194854736328e-01
-1.235023975372314453e+00 2.299234008789062500e+01 -1.138983011245727539e+00
-9.090700000524520874e-02 2.221855926513671875e+01 1.021410003304481506e-01
-2.328424930572509766e+00 2.340570831298828125e+01 -3.755639076232910156e+00
-2.450243949890136719e+00 2.325186920166015625e+01 -2.792427062988281250e+00
3.256572008132934570e+00 2.326316070556640625e+01 -2.652574062347412109e+00
3.745225906372070312e+00 2.303310394287109375e+01 -2.825812101364135742e+00
-2.324999094009399414e+00 2.266783905029296875e+01 -1.623898983001708984e+00
-1.108608961105346680e+00 2.210209655761718750e+01 -5.997369885444641113e-01
-3.462840020656585693e-01 2.226748657226562500e+01 -3.055500090122222900e-01
1.240970015525817871e+00 2.140941619873046875e+01 1.182754993438720703e+00
1.895066022872924805e+00 2.141146850585937500e+01 9.987699985504150391e-01
-2.614189982414245605e-01 2.343338012695312500e+01 -4.956932067871093750e+00
1.377959996461868286e-01 2.372581481933593750e+01 -4.475183010101318359e+00
-2.867428064346313477e+00 2.299549865722656250e+01 -3.286150932312011719e+00
-2.799592018127441406e+00 2.289520263671875000e+01 -2.237502098083496094e+00
-2.345529943704605103e-01 2.284677124023437500e+01 -2.640536069869995117e+00
5.183539986610412598e-01 2.265061950683593750e+01 -2.927433013916015625e+00
3.448865890502929688e+00 2.292815399169921875e+01 -2.462760925292968750e+00
5.349306106567382812e+00 2.316957092285156250e+01 -2.212987899780273438e+00
4.238072872161865234e+00 2.277507781982421875e+01 -1.999081015586853027e+00
4.691903114318847656e+00 2.250204467773437500e+01 -1.915696978569030762e+00
4.026031017303466797e+00 2.259312438964843750e+01 -1.561864972114562988e+00
4.744721889495849609e+00 2.248271179199218750e+01 -1.163887977600097656e+00
-1.762262940406799316e+00 2.219956207275390625e+01 -9.235100150108337402e-01
4.274538993835449219e+00 2.242952728271484375e+01 -9.392849802970886230e-01
5.578349113464355469e+00 2.238356018066406250e+01 -2.003519982099533081e-01
4.425531864166259766e+00 2.204174804687500000e+01 -6.642130017280578613e-01
-1.607879996299743652e-01 2.174730682373046875e+01 -1.525540053844451904e-01
3.267529904842376709e-01 2.145452880859375000e+01 6.755669713020324707e-01
4.516345977783203125e+00 2.206993103027343750e+01 1.010221958160400391e+00
4.080392837524414062e+00 2.162570953369140625e+01 6.959080100059509277e-01
2.776582956314086914e+00 2.128583526611328125e+01 7.783929705619812012e-01
-1.853700041770935059e+00 2.322843170166015625e+01 -4.445179939270019531e+00
2.757999897003173828e-01 2.248558044433593750e+01 -4.257528781890869141e+00
4.467233180999755859e+00 2.227130126953125000e+01 -2.457133054733276367e+00
3.374536037445068359e+00 2.200834655761718750e+01 -2.358808040618896484e+00
5.022953987121582031e+00 2.260022735595703125e+01 -2.090544939041137695e+00
3.705183982849121094e+00 2.201628112792968750e+01 -1.584890007972717285e+00
5.287024021148681641e+00 2.242062377929687500e+01 -1.760251998901367188e+00
4.927696228027343750e+00 2.211698150634765625e+01 -1.723377943038940430e+00
3.879184007644653320e+00 2.214379882812500000e+01 -1.008142948150634766e+00
5.094844818115234375e+00 2.189862060546875000e+01 -1.086348056793212891e+00
3.669127941131591797e+00 2.193742370605468750e+01 -2.582359910011291504e-01
4.288641929626464844e+00 2.164363861083984375e+01 -2.424799948930740356e-01
4.891009926795959473e-01 2.132269287109375000e+01 3.037000074982643127e-03
1.612411975860595703e+00 2.172153472900390625e+01 3.748919963836669922e-01
2.512005090713500977e+00 2.170280456542968750e+01 3.886240124702453613e-01
3.413088083267211914e+00 2.156643676757812500e+01 8.151569962501525879e-01
2.738779067993164062e+00 2.137831878662109375e+01 5.006890296936035156e-01
-9.555389881134033203e-01 2.311195373535156250e+01 -5.151412963867187500e+00
-1.181000947952270508e+00 2.344738769531250000e+01 -4.891400814056396484e+00
-2.467344045639038086e+00 2.227775573730468750e+01 -4.459282875061035156e+00
-2.805008888244628906e+00 2.225854492187500000e+01 -3.809129953384399414e+00
-1.571190059185028076e-01 2.243936157226562500e+01 -3.897485017776489258e+00
-2.936157941818237305e+00 2.191461181640625000e+01 -3.288717985153198242e+00
-2.971705913543701172e+00 2.187438964843750000e+01 -2.581711053848266602e+00
2.947984933853149414e+00 2.205718994140625000e+01 -2.744412899017333984e+00
-2.120698928833007812e+00 2.135544586181640625e+01 -1.452867984771728516e+00
-1.648365974426269531e+00 2.166460418701171875e+01 -7.663040161132812500e-01
3.333287000656127930e+00 2.159097290039062500e+01 -6.489199995994567871e-01
-1.026384949684143066e+00 2.148252105712890625e+01 -2.852900028228759766e-01
-4.646930098533630371e-01 2.145618438720703125e+01 -2.915579974651336670e-01
3.132854938507080078e+00 2.155068969726562500e+01 -1.194109991192817688e-01
3.781341075897216797e+00 2.148021697998046875e+01 3.083200007677078247e-02
4.829094886779785156e+00 2.170402526855468750e+01 -4.107680022716522217e-01
9.028999805450439453e-01 2.156990814208984375e+01 1.551090031862258911e-01
2.393230915069580078e+00 2.134758758544921875e+01 3.278800100088119507e-02
2.876245021820068359e+00 2.152040863037109375e+01 4.445900022983551025e-02
3.515491008758544922e+00 2.165209197998046875e+01 1.673630028963088989e-01
4.398850917816162109e+00 2.150643920898437500e+01 2.757259905338287354e-01
1.245684027671813965e+00 2.125760650634765625e+01 1.883099973201751709e-02
5.320720076560974121e-01 2.115924835205078125e+01 3.237549960613250732e-01
1.338807940483093262e+00 2.149808502197265625e+01 3.579519987106323242e-01
8.586540222167968750e-01 2.129444122314453125e+01 5.941979885101318359e-01
1.984210968017578125e+00 2.131869506835937500e+01 7.242550253868103027e-01
1.390450000762939453e+00 2.108486938476562500e+01 6.311799883842468262e-01
-7.146139740943908691e-01 2.237970733642578125e+01 -5.274487972259521484e+00
8.794400095939636230e-02 2.253573608398437500e+01 -4.818479061126708984e+00
-1.992733001708984375e+00 2.256485748291015625e+01 -4.896142959594726562e+00
1.962654948234558105e+00 2.117919921875000000e+01 -3.037144899368286133e+00
-2.411511898040771484e+00 2.160799407958984375e+01 -2.027194976806640625e+00
-8.558239936828613281e-01 2.084555053710937500e+01 -4.581789970397949219e-01
-2.954379916191101074e-01 2.079967498779296875e+01 -2.112659960985183716e-01
-1.370420008897781372e-01 2.203984832763671875e+01 -3.759584903717041016e+00
5.178099870681762695e-02 2.205178070068359375e+01 -3.537554025650024414e+00
1.162081956863403320e+00 2.157159423828125000e+01 -3.359055995941162109e+00
2.711605072021484375e+00 2.138043212890625000e+01 -2.601553916931152344e+00
5.467190146446228027e-01 2.067536926269531250e+01 -4.295499920845031738e-01
6.620979905128479004e-01 2.143218994140625000e+01 -3.782005071640014648e+00
-1.061450004577636719e+00 2.077359771728515625e+01 -9.601600170135498047e-01
2.606298923492431641e+00 1.977111053466796875e+01 -1.040140032768249512e+00
2.316180020570755005e-01 2.111431884765625000e+01 -2.804009914398193359e-01
2.289581060409545898e+00 2.032229614257812500e+01 -2.614209949970245361e-01
1.509868979454040527e+00 1.969561004638671875e+01 -3.819209933280944824e-01
5.717509984970092773e-01 2.131957244873046875e+01 -5.113722801208496094e+00
-3.131865978240966797e+00 2.132443237304687500e+01 -3.923605918884277344e+00
4.933530092239379883e-01 2.173622131347656250e+01 -4.193528175354003906e+00
-3.303327083587646484e+00 2.144142150878906250e+01 -2.949490070343017578e+00
-2.789720058441162109e+00 2.069612121582031250e+01 -2.400597095489501953e+00
3.353235006332397461e+00 2.133074951171875000e+01 -1.874840021133422852e+00
-1.287294030189514160e+00 2.023110961914062500e+01 -1.450081944465637207e+00
2.789170145988464355e-01 1.988683319091796875e+01 -5.500760078430175781e-01
7.699999958276748657e-03 2.176993560791015625e+01 -5.353672027587890625e+00
-2.018110990524291992e+00 2.137084960937500000e+01 -4.912181854248046875e+00
2.861475944519042969e+00 2.037813568115234375e+01 -2.408390998840332031e+00
-4.168260097503662109e-01 1.957199859619140625e+01 -1.127156019210815430e+00
-3.044469118118286133e+00 2.096626281738281250e+01 -4.091448783874511719e+00
-3.116854906082153320e+00 1.981060791015625000e+01 -2.947797060012817383e+00
-5.164440274238586426e-01 2.124525451660156250e+01 -5.554037094116210938e+00
1.038223028182983398e+00 2.083496856689453125e+01 -4.745356082916259766e+00
-2.459464073181152344e+00 2.056430816650390625e+01 -4.696440219879150391e+00
1.342332005500793457e+00 2.022956848144531250e+01 -4.010014057159423828e+00
1.966745018959045410e+00 1.964958190917968750e+01 -3.631814956665039062e+00
-2.560486078262329102e+00 2.031556701660156250e+01 -1.973659038543701172e+00
-1.904798984527587891e+00 1.940399932861328125e+01 -1.802927970886230469e+00
2.472317934036254883e+00 1.953648376464843750e+01 -1.387794017791748047e+00
-1.760957956314086914e+00 2.056509399414062500e+01 -5.142384052276611328e+00
2.587258100509643555e+00 1.909831237792968750e+01 -3.067017078399658203e+00
-3.060909986495971680e+00 2.005214691162109375e+01 -2.456111907958984375e+00
2.851538896560668945e+00 2.026438140869140625e+01 -1.545202970504760742e+00
2.189127922058105469e+00 1.925541687011718750e+01 -8.882930278778076172e-01
4.589499905705451965e-02 2.050214385986328125e+01 -5.678983211517333984e+00
-2.715677976608276367e+00 1.960698699951171875e+01 -2.141412019729614258e+00
7.609630227088928223e-01 1.920210266113281250e+01 -5.340399742126464844e-01
8.710169792175292969e-01 2.024173736572265625e+01 -5.251142978668212891e+00
-2.800713062286376953e+00 1.978614044189453125e+01 -4.093063831329345703e+00
-3.184259891510009766e+00 1.979632568359375000e+01 -3.670103073120117188e+00
2.659122943878173828e+00 1.893500518798828125e+01 -2.695255041122436523e+00
-2.203619003295898438e+00 1.905741119384765625e+01 -2.141658067703247070e+00
1.275666952133178711e+00 1.803820800781250000e+01 -5.572540163993835449e-01
-9.760500192642211914e-01 1.985902404785156250e+01 -5.329235076904296875e+00
1.648242950439453125e+00 1.966777038574218750e+01 -4.287743091583251953e+00
-2.943003892898559570e+00 1.946515655517578125e+01 -2.630420923233032227e+00
-1.297152996063232422e+00 1.771601867675781250e+01 -2.029838085174560547e+00
2.018197059631347656e+00 1.796293640136718750e+01 -1.116073012351989746e+00
-1.798326015472412109e+00 1.963291168212890625e+01 -5.002529144287109375e+00
2.512717962265014648e+00 1.847239685058593750e+01 -2.286081075668334961e+00
6.118670105934143066e-01 1.920687103271484375e+01 -5.094593048095703125e+00
-2.780829966068267822e-01 1.931182861328125000e+01 -5.291531085968017578e+00
-2.623461961746215820e+00 1.936064910888671875e+01 -3.270384073257446289e+00
-2.414890050888061523e+00 1.906691741943359375e+01 -2.668874979019165039e+00
-9.658830165863037109e-01 1.756069946289062500e+01 -1.754505991935729980e+00
1.480530053377151489e-01 1.815281677246093750e+01 -1.051988959312438965e+00
1.717479944229125977e+00 1.796772003173828125e+01 -7.516840100288391113e-01
-1.326071023941040039e+00 1.895240020751953125e+01 -4.980984210968017578e+00
-2.147205114364624023e+00 1.912585449218750000e+01 -4.089750766754150391e+00
2.421844005584716797e+00 1.918881988525390625e+01 -3.494563102722167969e+00
1.505398035049438477e+00 1.923292541503906250e+01 -4.659718990325927734e+00
2.387351989746093750e+00 1.876454162597656250e+01 -4.195114135742187500e+00
-1.691444039344787598e+00 1.801183319091796875e+01 -3.415429115295410156e+00
-1.695232987403869629e+00 1.810190582275390625e+01 -2.519711017608642578e+00
2.455785036087036133e+00 1.778739166259765625e+01 -2.483311891555786133e+00
2.022988080978393555e+00 1.706084442138671875e+01 -2.127206087112426758e+00
-6.030210256576538086e-01 1.840589141845703125e+01 -4.974995136260986328e+00
2.932589054107666016e+00 1.863486480712890625e+01 -3.997487068176269531e+00
3.289463996887207031e+00 1.839905548095703125e+01 -3.227139949798583984e+00
-5.205479860305786133e-01 1.603963470458984375e+01 -1.448294997215270996e+00
1.024937987327575684e+00 1.711452484130859375e+01 -8.461499810218811035e-01
-1.428760051727294922e+00 1.737179565429687500e+01 -2.776045083999633789e+00
3.334880113601684570e+00 1.804828643798828125e+01 -2.961360931396484375e+00
2.975416898727416992e+00 1.768667602539062500e+01 -2.653507947921752930e+00
-1.252869009971618652e+00 1.781301879882812500e+01 -4.198577880859375000e+00
2.314150094985961914e+00 1.789228820800781250e+01 -4.499825000762939453e+00
3.872910141944885254e-01 1.647735595703125000e+01 -9.066249728202819824e-01
-1.131937980651855469e+00 1.791403961181640625e+01 -5.044112205505371094e+00
1.696753978729248047e+00 1.625792694091796875e+01 -1.179785966873168945e+00
1.161962985992431641e+00 1.796512603759765625e+01 -4.592387199401855469e+00
2.001872062683105469e+00 1.729499816894531250e+01 -4.477915763854980469e+00
3.265710115432739258e+00 1.761593627929687500e+01 -4.041224956512451172e+00
-1.142012000083923340e+00 1.652728271484375000e+01 -3.449456930160522461e+00
3.213620901107788086e+00 1.678378295898437500e+01 -3.489046096801757812e+00
3.192998886108398438e+00 1.702227783203125000e+01 -3.133212089538574219e+00
-8.257870078086853027e-01 1.695262145996093750e+01 -4.669023036956787109e+00
1.879590034484863281e+00 1.632373809814453125e+01 -4.111011981964111328e+00
2.122390985488891602e+00 1.582863616943359375e+01 -2.637298107147216797e+00
1.533146023750305176e+00 1.542769622802734375e+01 -1.143020987510681152e+00
1.085340023040771484e+00 1.570809936523437500e+01 -8.428679704666137695e-01
1.036036014556884766e+00 1.648765563964843750e+01 -4.213212013244628906e+00
2.842894077301025391e+00 1.686220550537109375e+01 -4.137712001800537109e+00
-2.736200094223022461e-01 1.699748992919921875e+01 -4.742090225219726562e+00
6.090570092201232910e-01 1.433171081542968750e+01 -7.230290174484252930e-01
2.603899002075195312e+00 1.640776062011718750e+01 -3.901211023330688477e+00
2.711395025253295898e+00 1.661889648437500000e+01 -3.008589029312133789e+00
2.145435094833374023e+00 1.500322723388671875e+01 -2.298403978347778320e+00
-6.476200371980667114e-02 1.575745391845703125e+01 -4.653306961059570312e+00
-5.058609843254089355e-01 1.576647853851318359e+01 -4.259704113006591797e+00
2.493175029754638672e+00 1.615118408203125000e+01 -3.618179082870483398e+00
-7.326779961585998535e-01 1.537609863281250000e+01 -3.795581102371215820e+00
2.243416070938110352e+00 1.564720916748046875e+01 -3.135199069976806641e+00
-7.797679901123046875e-01 1.515559387207031250e+01 -1.950989961624145508e+00
1.958400011062622070e+00 1.422821807861328125e+01 -2.035677909851074219e+00
1.995378017425537109e+00 1.557352447509765625e+01 -3.648791074752807617e+00
7.434390187263488770e-01 1.493937683105468750e+01 -4.103835105895996094e+00
1.645447015762329102e+00 1.492858123779296875e+01 -3.735760927200317383e+00
-4.238260090351104736e-01 1.280910491943359375e+01 -1.422590970993041992e+00
-2.099380046129226685e-01 1.484355926513671875e+01 -4.314404010772705078e+00
1.948866009712219238e+00 1.457653045654296875e+01 -3.153923988342285156e+00
-7.424190044403076172e-01 1.305040740966796875e+01 -2.719072103500366211e+00
1.550827026367187500e+00 1.311136627197265625e+01 -1.011294960975646973e+00
4.966200143098831177e-02 1.404315853118896484e+01 -9.318630099296569824e-01
1.837419986724853516e+00 1.278624725341796875e+01 -1.480852007865905762e+00
1.311379969120025635e-01 1.486708068847656250e+01 -4.502280235290527344e+00
-8.435149788856506348e-01 1.403202056884765625e+01 -3.082936048507690430e+00
-1.623979955911636353e-01 1.287343597412109375e+01 -1.017495989799499512e+00
2.095369100570678711e+00 1.311454010009765625e+01 -3.004870891571044922e+00
1.273869037628173828e+00 1.198608398437500000e+01 -6.274110078811645508e-01
9.445289969444274902e-01 1.304283905029296875e+01 -6.127989888191223145e-01
3.491869866847991943e-01 1.414830780029296875e+01 -4.361342906951904297e+00
-5.639610290527343750e-01 1.352124023437500000e+01 -3.622138023376464844e+00
1.572347044944763184e+00 1.344985961914062500e+01 -3.502197980880737305e+00
-2.706499956548213959e-02 1.108531188964843750e+01 -7.753159999847412109e-01
8.912159800529479980e-01 1.303822326660156250e+01 -3.846333980560302734e+00
-6.299369931221008301e-01 1.190847778320312500e+01 -2.377109050750732422e+00
2.018683910369873047e+00 1.129472446441650391e+01 -2.315727949142456055e+00
1.550060063600540161e-01 1.221221160888671875e+01 -3.903373003005981445e+00
4.559710025787353516e-01 1.237068176269531250e+01 -4.169761180877685547e+00
-5.248590111732482910e-01 1.076280975341796875e+01 -2.781240940093994141e+00
1.963577032089233398e+00 1.196724700927734375e+01 -3.088546037673950195e+00
3.845100104808807373e-01 1.014105224609375000e+01 -4.432049989700317383e-01
7.387679815292358398e-01 1.174813079833984375e+01 -4.000033855438232422e+00
-3.251059949398040771e-01 1.201874542236328125e+01 -3.627593994140625000e+00
2.007586002349853516e+00 9.833892822265625000e+00 -1.304751992225646973e+00
1.655439972877502441e+00 8.607734680175781250e+00 -5.000360012054443359e-01
6.610659956932067871e-01 1.026406860351562500e+01 -3.957911014556884766e+00
1.009870052337646484e+00 9.231391906738281250e+00 -2.708260118961334229e-01
1.740767002105712891e+00 1.151066589355468750e+01 -3.396569013595581055e+00
-5.142480134963989258e-01 9.514312744140625000e+00 -1.880442023277282715e+00
-4.067900031805038452e-02 1.057603454589843750e+01 -3.579963922500610352e+00
1.618396997451782227e+00 1.039063262939453125e+01 -3.521235942840576172e+00
1.602781057357788086e+00 9.055564880371093750e+00 -3.607053041458129883e+00
1.900539994239807129e+00 9.300209045410156250e+00 -2.915875911712646484e+00
-4.327909946441650391e-01 8.403602600097656250e+00 -2.208151102066040039e+00
-7.189200073480606079e-02 8.980927467346191406e+00 -3.258286952972412109e+00
5.031599849462509155e-02 8.090972900390625000e+00 -6.055150032043457031e-01
2.111052989959716797e+00 9.485923767089843750e+00 -2.030455112457275391e+00
2.130603075027465820e+00 6.437592029571533203e+00 -7.922530174255371094e-01
1.176839947700500488e+00 7.557601928710937500e+00 -1.918870061635971069e-01
2.205737113952636719e+00 7.970375061035156250e+00 -1.995769977569580078e+00
4.691550135612487793e-01 7.335358142852783203e+00 -3.065739870071411133e-01
-3.201830089092254639e-01 7.211159229278564453e+00 -1.693611025810241699e+00
2.192218065261840820e+00 7.980590820312500000e+00 -1.432384014129638672e+00
-2.164880037307739258e-01 6.008803844451904297e+00 -1.435909032821655273e+00
1.055243015289306641e+00 7.437775135040283203e+00 -3.885478019714355469e+00
1.026765942573547363e+00 8.575965881347656250e+00 -3.848769903182983398e+00
1.968436956405639648e+00 6.838692188262939453e+00 -2.943449020385742188e+00
1.855698943138122559e+00 6.848534107208251953e+00 -3.577817916870117188e+00
1.701429963111877441e+00 5.186347961425781250e+00 -2.093140035867691040e-01
2.350239038467407227e+00 6.172133922576904297e+00 -1.896250009536743164e+00
2.024727106094360352e+00 4.470734119415283203e+00 -3.787249922752380371e-01
1.598509997129440308e-01 6.681435108184814453e+00 -3.045794010162353516e+00
1.485950052738189697e-01 5.356903076171875000e+00 -6.254580020904541016e-01
4.477609992027282715e-01 4.699242115020751953e+00 -4.180949926376342773e-01
-1.558820009231567383e-01 5.932297229766845703e+00 -2.308262109756469727e+00
1.604218006134033203e+00 5.494194030761718750e+00 -3.782063961029052734e+00
2.027406930923461914e+00 5.975479125976562500e+00 -3.580560922622680664e+00
2.347749948501586914e+00 5.531960010528564453e+00 -1.238158941268920898e+00
9.182209968566894531e-01 5.186127185821533203e+00 -2.043610066175460815e-01
-1.358589977025985718e-01 4.559357166290283203e+00 -1.562283039093017578e+00
1.118960022926330566e+00 5.443305969238281250e+00 -3.754384994506835938e+00
4.527789950370788574e-01 5.448975086212158203e+00 -3.177655935287475586e+00
2.028616905212402344e+00 4.438056945800781250e+00 -3.617841958999633789e+00
9.808000177145004272e-03 3.823250055313110352e+00 -1.117758035659790039e+00
1.136460006237030029e-01 5.005524158477783203e+00 -2.716717004776000977e+00
2.492793083190917969e+00 4.037094116210937500e+00 -1.857499957084655762e+00
2.135826110839843750e+00 3.855942010879516602e+00 -3.124286890029907227e+00
3.570339977741241455e-01 1.565132021903991699e+00 -8.064460158348083496e-01
1.523350000381469727e+00 2.660758972167968750e+00 -3.944438934326171875e+00
7.824149727821350098e-01 3.996201038360595703e+00 -3.395493030548095703e+00
2.586946010589599609e+00 2.666358947753906250e+00 -1.352347970008850098e+00
2.570827960968017578e+00 1.564926028251647949e+00 -8.135190010070800781e-01
2.438200078904628754e-02 1.983505010604858398e+00 -2.002741098403930664e+00
7.184630036354064941e-01 1.446921944618225098e+00 -4.694980084896087646e-01
1.926320046186447144e-01 2.156723022460937500e+00 -2.511209011077880859e+00
2.567811012268066406e+00 2.043831110000610352e+00 -2.190334081649780273e+00
2.348220109939575195e+00 2.522048950195312500e+00 -3.591305017471313477e+00
2.230205059051513672e+00 2.409545898437500000e+00 -3.237049102783203125e+00
1.660637021064758301e+00 1.852996945381164551e+00 -2.153780013322830200e-01
7.108749747276306152e-01 2.435646057128906250e+00 -3.327950000762939453e+00
4.028950035572052002e-01 2.303421020507812500e+00 -2.940519094467163086e+00
2.167085886001586914e+00 1.409423947334289551e+00 -3.620640039443969727e-01
2.019336938858032227e+00 2.654181957244873047e+00 -3.939562082290649414e+00
1.201218008995056152e+00 2.559401988983154297e+00 -3.669473886489868164e+00
2.373161077499389648e+00 2.242743968963623047e+00 -2.760265111923217773e+00
9.518499672412872314e-02 1.776810050010681152e+00 -1.426586031913757324e+00
1.067674994468688965e+00 1.405372977256774902e+00 -3.671340048313140869e-01
