3.181468963623046875e+00 2.586152648925781250e+01 2.111921072006225586e+00
2.780649900436401367e+00 2.544332885742187500e+01 2.247704982757568359e+00
4.026907920837402344e+00 2.564215087890625000e+01 1.647598981857299805e+00
2.568301916122436523e+00 2.566458892822265625e+01 1.185106039047241211e+00
3.621970891952514648e+00 2.554175567626953125e+01 1.722098946571350098e+00
2.788114070892333984e+00 2.552990722656250000e+01 1.661015987396240234e+00
2.060015916824340820e+00 2.541290283203125000e+01 2.218818902969360352e+00
3.900000095367431641e+00 2.540248870849609375e+01 2.583409070968627930e+00
3.314228057861328125e+00 2.535323333740234375e+01 2.550405979156494141e+00
3.694947957992553711e+00 2.504917907714843750e+01 3.183377027511596680e+00
2.867209911346435547e+00 2.528401947021484375e+01 2.942272901535034180e+00
3.032272100448608398e+00 2.489495086669921875e+01 3.360372066497802734e+00
3.311981916427612305e+00 2.557398223876953125e+01 6.580799818038940430e-01
4.431743144989013672e+00 2.537509155273437500e+01 1.486471056938171387e+00
2.569567918777465820e+00 2.548133850097656250e+01 7.351520061492919922e-01
4.414476871490478516e+00 2.521186065673828125e+01 2.367362022399902344e+00
1.918849945068359375e+00 2.548944091796875000e+01 7.893260121345520020e-01
1.701377034187316895e+00 2.519450378417968750e+01 1.859012007713317871e+00
4.919514179229736328e+00 2.469113922119140625e+01 2.574991941452026367e+00
4.311747074127197266e+00 2.494808959960937500e+01 2.980398893356323242e+00
1.385537981986999512e+00 2.512930297851562500e+01 2.336575984954833984e+00
2.396056890487670898e+00 2.489630126953125000e+01 3.142435073852539062e+00
3.882649898529052734e+00 2.517545318603515625e+01 6.621100008487701416e-02
3.983927011489868164e+00 2.550354766845703125e+01 9.433400034904479980e-01
2.024199008941650391e+00 2.532936859130859375e+01 1.403930038213729858e-01
5.177768230438232422e+00 2.466906738281250000e+01 2.002726078033447266e+00
1.318315982818603516e+00 2.531421661376953125e+01 1.426092982292175293e+00
3.799427032470703125e+00 2.437582397460937500e+01 3.744139909744262695e+00
1.372951984405517578e+00 2.478914642333984375e+01 2.592971086502075195e+00
1.599403023719787598e+00 2.466162109375000000e+01 3.286640882492065430e+00
2.907337903976440430e+00 2.509701538085937500e+01 -2.018419951200485229e-01
1.230296015739440918e+00 2.491985321044921875e+01 5.235689878463745117e-01
7.501099705696105957e-01 2.462207031250000000e+01 1.564921975135803223e+00
2.326699018478393555e+00 2.409824371337890625e+01 3.896965980529785156e+00
2.820524930953979492e+00 2.494401550292968750e+01 -6.446620225906372070e-01
4.781919956207275391e+00 2.499198913574218750e+01 8.210020065307617188e-01
5.170732021331787109e+00 2.468879699707031250e+01 1.316293001174926758e+00
6.573269963264465332e-01 2.450657653808593750e+01 9.344949722290039062e-01
4.579551219940185547e+00 2.402117919921875000e+01 3.494627952575683594e+00
1.102404952049255371e+00 2.423599243164062500e+01 2.872127056121826172e+00
1.401371955871582031e+00 2.423703002929687500e+01 3.367902040481567383e+00
9.272329807281494141e-01 2.387689971923828125e+01 3.506916999816894531e+00
1.669298052787780762e+00 2.365389251708984375e+01 3.780492067337036133e+00
4.411673069000244141e+00 2.474961853027343750e+01 -1.662510037422180176e-01
3.338397979736328125e+00 2.456095886230468750e+01 -7.467010021209716797e-01
5.191753864288330078e+00 2.410623168945312500e+01 2.177550047636032104e-01
1.780817031860351562e+00 2.485431671142578125e+01 -4.156579971313476562e-01
9.674869775772094727e-01 2.456448364257812500e+01 -6.916499882936477661e-02
5.356147766113281250e+00 2.378260040283203125e+01 2.892340898513793945e+00
5.313709974288940430e-01 2.399505615234375000e+01 2.148255109786987305e+00
3.986876010894775391e+00 2.359982299804687500e+01 3.919696092605590820e+00
3.016899108886718750e+00 2.340959167480468750e+01 4.203867912292480469e+00
1.197597026824951172e+00 2.359304809570312500e+01 3.839458942413330078e+00
2.338792085647583008e+00 2.481165313720703125e+01 -7.963569760322570801e-01
3.093625068664550781e+00 2.427838897705078125e+01 -1.301566004753112793e+00
1.475103020668029785e+00 2.442794036865234375e+01 -5.079759955406188965e-01
5.689017772674560547e+00 2.355463409423828125e+01 2.392767906188964844e+00
3.766509890556335449e-01 2.413101196289062500e+01 3.972640037536621094e-01
8.447960019111633301e-01 2.355691528320312500e+01 2.892734050750732422e+00
1.732288002967834473e+00 2.312754058837890625e+01 3.936500072479248047e+00
4.141322135925292969e+00 2.362194061279296875e+01 -9.827600121498107910e-01
5.460360050201416016e+00 2.385655212402343750e+01 5.873709917068481445e-01
1.973672032356262207e+00 2.424727630615234375e+01 -1.004621028900146484e+00
5.651943206787109375e+00 2.373336791992187500e+01 1.279171943664550781e+00
5.746990203857421875e+00 2.298692321777343750e+01 2.649591922760009766e+00
5.426999926567077637e-02 2.353356933593750000e+01 1.403131008148193359e+00
8.638820052146911621e-01 2.249327087402343750e+01 2.984235048294067383e+00
4.846715927124023438e+00 2.356298828125000000e+01 -4.691860079765319824e-01
2.803617000579833984e+00 2.349279022216796875e+01 -1.238849043846130371e+00
1.775356054306030273e+00 2.365823364257812500e+01 -7.785649895668029785e-01
5.039532184600830078e+00 2.294345855712890625e+01 3.103842973709106445e+00
4.500012874603271484e+00 2.280361938476562500e+01 3.692554950714111328e+00
2.825550138950347900e-01 2.305467224121093750e+01 2.240063905715942383e+00
3.466104030609130859e+00 2.240625762939453125e+01 4.213683128356933594e+00
2.294164896011352539e+00 2.238601684570312500e+01 4.032821178436279297e+00
3.810149908065795898e+00 2.357086944580078125e+01 -1.339272022247314453e+00
3.386671066284179688e+00 2.361455535888671875e+01 -1.390460014343261719e+00
5.394338130950927734e+00 2.287676239013671875e+01 2.071999944746494293e-02
2.484200000762939453e+00 2.349918365478515625e+01 -1.117174983024597168e+00
9.831410050392150879e-01 2.381898498535156250e+01 -3.837000131607055664e-01
5.532203197479248047e+00 2.230721282958984375e+01 2.785204887390136719e+00
-2.045020014047622681e-01 2.309058380126953125e+01 8.215299844741821289e-01
6.195049881935119629e-01 2.248131561279296875e+01 2.660013914108276367e+00
3.509797096252441406e+00 2.189971160888671875e+01 4.096880912780761719e+00
3.124320983886718750e+00 2.204459381103515625e+01 4.008142948150634766e+00
5.701858997344970703e+00 2.274088287353515625e+01 7.225520014762878418e-01
1.313673973083496094e+00 2.356006622314453125e+01 -8.847069740295410156e-01
5.777299880981445312e+00 2.245188903808593750e+01 1.685287952423095703e+00
-1.354440003633499146e-01 2.311996459960937500e+01 -1.046197056770324707e+00
5.723996162414550781e+00 2.255479431152343750e+01 2.129909038543701172e+00
-1.180140003561973572e-01 2.305780029296875000e+01 -1.619999995455145836e-03
1.620169043540954590e+00 2.190917205810546875e+01 3.564870119094848633e+00
-6.458190083503723145e-01 2.367641448974609375e+01 -2.254724979400634766e+00
-8.786429762840270996e-01 2.326812744140625000e+01 -1.781021952629089355e+00
9.226799756288528442e-02 2.339116668701171875e+01 -2.811000049114227295e-01
5.174169063568115234e+00 2.234260559082031250e+01 3.183763980865478516e+00
1.195940002799034119e-01 2.364998626708984375e+01 -3.229538917541503906e+00
-4.491659998893737793e-01 2.360852050781250000e+01 -3.439539909362792969e+00
-3.182800114154815674e-02 2.347537994384765625e+01 -2.706089973449707031e+00
-2.106759995222091675e-01 2.338161468505859375e+01 -2.267327070236206055e+00
-1.059805035591125488e+00 2.336582946777343750e+01 -2.377093076705932617e+00
3.452600166201591492e-02 2.302661132812500000e+01 -1.762649059295654297e+00
4.739069938659667969e-01 2.323246002197265625e+01 -1.147961974143981934e+00
8.791620135307312012e-01 2.303995513916015625e+01 -1.268031001091003418e+00
-2.845729887485504150e-01 2.325536346435546875e+01 -1.670449018478393555e+00
-1.120825052261352539e+00 2.312889862060546875e+01 -1.109904050827026367e+00
-4.638299942016601562e-01 2.287257385253906250e+01 -1.351662993431091309e+00
-1.079318046569824219e+00 2.282798004150390625e+01 -8.012530207633972168e-01
-7.827000319957733154e-02 2.232102966308593750e+01 1.071115016937255859e+00
2.304061889648437500e+00 2.157759094238281250e+01 3.770351886749267578e+00
6.431710124015808105e-01 2.350516510009765625e+01 -3.578773021697998047e+00
-9.240999817848205566e-03 2.342351531982421875e+01 -3.993078947067260742e+00
4.101870059967041016e-01 2.338855743408203125e+01 -3.251054048538208008e+00
4.759559929370880127e-01 2.287378692626953125e+01 -2.883985996246337891e+00
4.389297962188720703e+00 2.250946807861328125e+01 -1.049103975296020508e+00
-9.554589986801147461e-01 2.348262786865234375e+01 -2.874072074890136719e+00
3.511656045913696289e+00 2.267488098144531250e+01 -1.090352058410644531e+00
2.398000061511993408e-01 2.300946044921875000e+01 -2.037895917892456055e+00
2.380194902420043945e+00 2.254470062255859375e+01 -1.599164009094238281e+00
1.140035986900329590e+00 2.290402221679687500e+01 -1.670387983322143555e+00
-1.436812996864318848e+00 2.278292083740234375e+01 -1.452093958854675293e+00
-7.279000282287597656e-01 2.271340179443359375e+01 -5.665410161018371582e-01
-1.342646002769470215e+00 2.272718048095703125e+01 -5.612149834632873535e-01
4.555031776428222656e+00 2.128526306152343750e+01 3.335956096649169922e+00
1.170387029647827148e+00 2.146092224121093750e+01 2.399383068084716797e+00
8.009260296821594238e-01 2.331409454345703125e+01 -3.924953937530517578e+00
1.176051020622253418e+00 2.333392333984375000e+01 -3.734493970870971680e+00
-1.350945949554443359e+00 2.288076019287109375e+01 -3.288008928298950195e+00
6.116979718208312988e-01 2.263844299316406250e+01 -2.447449922561645508e+00
4.827608108520507812e+00 2.215747070312500000e+01 -5.671970248222351074e-01
-1.661219954490661621e+00 2.228918457031250000e+01 -8.377180099487304688e-01
5.175367832183837891e+00 2.179535675048828125e+01 2.823273897171020508e+00
-1.521981954574584961e+00 2.213718414306640625e+01 -2.490399926900863647e-01
-7.234539985656738281e-01 2.218202209472656250e+01 -1.009759977459907532e-01
-2.436179965734481812e-01 2.225822448730468750e+01 2.790879905223846436e-01
4.025633811950683594e+00 2.153015136718750000e+01 3.604840040206909180e+00
1.320369958877563477e+00 2.149304962158203125e+01 2.955768108367919922e+00
1.662492990493774414e+00 2.291839599609375000e+01 -3.638855934143066406e+00
1.449895977973937988e+00 2.266331481933593750e+01 -3.392570018768310547e+00
-5.932390093803405762e-01 2.217570495605468750e+01 -4.403295040130615234e+00
-1.693333029747009277e+00 2.245222473144531250e+01 -3.233422040939331055e+00
1.379870057106018066e+00 2.222291564941406250e+01 -2.197691917419433594e+00
-1.491564989089965820e+00 2.271496582031250000e+01 -2.264669895172119141e+00
5.474205970764160156e+00 2.172217559814453125e+01 9.590790271759033203e-01
-1.543347001075744629e+00 2.207887268066406250e+01 -1.365793943405151367e+00
2.795090079307556152e-01 2.173574066162109375e+01 1.189460039138793945e+00
2.048338890075683594e+00 2.131386566162109375e+01 3.239598035812377930e+00
1.731927990913391113e+00 2.294428253173828125e+01 -4.128925800323486328e+00
1.411209940910339355e+00 2.288852691650390625e+01 -4.448953151702880859e+00
9.532290101051330566e-01 2.257433319091796875e+01 -4.758254051208496094e+00
7.267479896545410156e-01 2.239051055908203125e+01 -2.955545902252197266e+00
4.523700237274169922e+00 2.165064239501953125e+01 -4.456149935722351074e-01
2.795977115631103516e+00 2.164849090576171875e+01 -1.237427949905395508e+00
3.291701078414916992e+00 2.148340606689453125e+01 -5.697870254516601562e-01
3.950588941574096680e+00 2.198905181884765625e+01 -5.172989964485168457e-01
5.091495990753173828e+00 2.158296203613281250e+01 9.621299803256988525e-02
-1.591747045516967773e+00 2.195288085937500000e+01 -1.779718995094299316e+00
-1.536502957344055176e+00 2.161165618896484375e+01 -4.798040091991424561e-01
5.037569046020507812e+00 2.112179565429687500e+01 2.746602058410644531e+00
-8.060719966888427734e-01 2.130345153808593750e+01 7.259999983943998814e-04
4.085049927234649658e-01 2.126046752929687500e+01 7.665219902992248535e-01
3.938622951507568359e+00 2.118549346923828125e+01 3.246551990509033203e+00
5.585290193557739258e-01 2.149451446533203125e+01 1.962816953659057617e+00
-3.444100022315979004e-01 2.264289855957031250e+01 -4.415019035339355469e+00
1.814661026000976562e+00 2.215805816650390625e+01 -3.809902906417846680e+00
-1.277814984321594238e+00 2.079780578613281250e+01 -1.040946006774902344e+00
-2.142110019922256470e-01 2.121344757080078125e+01 5.759000033140182495e-02
2.867533922195434570e+00 2.094226074218750000e+01 3.394004106521606445e+00
1.307109951972961426e+00 2.131806182861328125e+01 -3.493596076965332031e+00
-1.165194034576416016e+00 2.209466552734375000e+01 -3.865820884704589844e+00
5.088843822479248047e+00 2.110985565185546875e+01 7.588509917259216309e-01
3.704116106033325195e+00 2.128607940673828125e+01 2.864699997007846832e-02
4.164153099060058594e+00 2.131548309326171875e+01 1.584960073232650757e-01
5.174596786499023438e+00 2.108158874511718750e+01 2.120985984802246094e+00
4.670244216918945312e+00 2.103619384765625000e+01 2.573081016540527344e+00
8.656979799270629883e-01 2.122235870361328125e+01 1.351240992546081543e+00
1.162271976470947266e+00 2.107259368896484375e+01 1.641080021858215332e+00
1.652366042137145996e+00 2.238006591796875000e+01 -4.524619102478027344e+00
2.192199975252151489e-02 2.183941650390625000e+01 -4.834514141082763672e+00
1.564715981483459473e+00 2.138668060302734375e+01 -3.687830924987792969e+00
1.970208048820495605e+00 2.065378570556640625e+01 -2.131225109100341797e+00
-1.910390973091125488e+00 2.145228576660156250e+01 -3.418962955474853516e+00
-2.195719003677368164e+00 2.102487182617187500e+01 -2.967958927154541016e+00
3.495532989501953125e+00 2.099645996093750000e+01 1.581300050020217896e-01
-1.943004012107849121e+00 2.171622467041015625e+01 -2.291398048400878906e+00
4.598286151885986328e+00 2.108169555664062500e+01 4.635699838399887085e-02
4.015699863433837891e+00 2.125630950927734375e+01 6.069210171699523926e-01
4.855864048004150391e+00 2.087734985351562500e+01 1.751423954963684082e+00
-1.155009031295776367e+00 2.088433837890625000e+01 -6.104800105094909668e-01
2.372536897659301758e+00 2.085574340820312500e+01 1.957561016082763672e+00
3.416249990463256836e+00 2.050115203857421875e+01 2.835292100906372070e+00
1.784719944000244141e+00 2.081065368652343750e+01 1.725626945495605469e+00
2.548289060592651367e+00 2.070488739013671875e+01 2.590162992477416992e+00
1.378515005111694336e+00 2.122570800781250000e+01 -4.484035015106201172e+00
9.074699878692626953e-01 2.166329193115234375e+01 -4.803701877593994141e+00
-9.671239852905273438e-01 2.170394134521484375e+01 -4.472711086273193359e+00
-1.632478952407836914e+00 2.173863983154296875e+01 -4.125051975250244141e+00
1.248260974884033203e+00 2.128074645996093750e+01 -2.942758083343505859e+00
2.353178977966308594e+00 2.062123870849609375e+01 -1.529266953468322754e+00
4.711290836334228516e+00 2.081632995605468750e+01 8.178799748420715332e-01
4.060428142547607422e+00 2.088454437255859375e+01 1.027829051017761230e+00
4.395047187805175781e+00 2.044658660888671875e+01 2.066615104675292969e+00
3.343708038330078125e+00 2.081783294677734375e+01 1.126428008079528809e+00
3.937774896621704102e+00 2.053112030029296875e+01 1.505576014518737793e+00
3.009772062301635742e+00 2.067036437988281250e+01 1.804877042770385742e+00
2.443335056304931641e+00 2.067366027832031250e+01 1.474454045295715332e+00
3.894209861755371094e-01 1.997988891601562500e+01 4.799549877643585205e-01
2.842005014419555664e+00 2.048448944091796875e+01 2.383300065994262695e+00
2.908710956573486328e+00 2.037605285644531250e+01 -5.460559725761413574e-01
4.621344089508056641e+00 2.059175872802734375e+01 1.108952999114990234e+00
2.668469905853271484e+00 2.043894195556640625e+01 9.972329735755920410e-01
3.752121925354003906e+00 2.031996154785156250e+01 2.293374061584472656e+00
-4.721609950065612793e-01 2.066407012939453125e+01 -7.360999938100576401e-03
3.299920082092285156e+00 2.031983184814453125e+01 2.041167020797729492e+00
1.652459949254989624e-01 1.990398406982421875e+01 -4.559301853179931641e+00
-4.032829999923706055e-01 2.032534790039062500e+01 -4.617442131042480469e+00
-1.431602954864501953e+00 2.100610351562500000e+01 -4.464378833770751953e+00
-2.354259014129638672e+00 2.048197937011718750e+01 -2.329742908477783203e+00
1.362998962402343750e+00 1.992267608642578125e+01 8.847000002861022949e-01
1.821185946464538574e+00 2.005618286132812500e+01 -4.030395984649658203e+00
2.034638881683349609e+00 2.016343688964843750e+01 -3.465053081512451172e+00
1.685629963874816895e+00 2.068640899658203125e+01 -3.144963026046752930e+00
1.642748951911926270e+00 2.069817352294921875e+01 -2.700752973556518555e+00
-2.018306016921997070e+00 2.066477203369140625e+01 -4.138131141662597656e+00
3.106002092361450195e+00 2.042625427246093750e+01 1.692059934139251709e-01
-1.206922054290771484e+00 1.951602935791015625e+01 -1.227748036384582520e+00
-2.558712959289550781e+00 1.984185028076171875e+01 -3.136912107467651367e+00
-2.542584896087646484e+00 2.046307373046875000e+01 -2.833230018615722656e+00
2.659728050231933594e+00 1.966915893554687500e+01 -2.891399860382080078e-01
2.574927091598510742e+00 1.937258148193359375e+01 -1.467368006706237793e+00
-2.363419055938720703e+00 1.959189605712890625e+01 -2.634196043014526367e+00
-1.804674983024597168e+00 1.886711883544921875e+01 -1.889683961868286133e+00
2.246340990066528320e+00 1.978783416748046875e+01 5.316230058670043945e-01
1.416476011276245117e+00 1.996160125732421875e+01 -4.308072090148925781e+00
-1.114979982376098633e+00 1.958289337158203125e+01 -4.454250812530517578e+00
2.480520963668823242e+00 1.919932556152343750e+01 -2.431309938430786133e+00
-2.099987983703613281e+00 1.970146942138671875e+01 -4.037458896636962891e+00
-2.021711111068725586e+00 1.903549194335937500e+01 -2.276453971862792969e+00
-6.264759898185729980e-01 1.904364776611328125e+01 -6.047390103340148926e-01
1.294922947883605957e+00 1.845644378662109375e+01 2.221920043230056763e-01
1.431359946727752686e-01 1.891547393798828125e+01 4.831570088863372803e-01
8.201169967651367188e-01 1.922283935546875000e+01 5.953360199928283691e-01
1.248034000396728516e+00 1.906301116943359375e+01 -3.983581066131591797e+00
-3.646929860115051270e-01 1.931485748291015625e+01 -4.434721946716308594e+00
-2.315063953399658203e+00 1.952204132080078125e+01 -3.586401939392089844e+00
2.638241052627563477e+00 1.876609802246093750e+01 -1.073917984962463379e+00
1.782443046569824219e+00 1.888088989257812500e+01 8.841600269079208374e-02
2.441881895065307617e+00 1.910311126708984375e+01 -3.121296882629394531e+00
-1.580907940864562988e+00 1.948812103271484375e+01 -4.345892906188964844e+00
-2.019922018051147461e+00 1.916622161865234375e+01 -3.166749000549316406e+00
-2.144670039415359497e-01 1.827494049072265625e+01 -9.422999806702136993e-03
6.047409772872924805e-01 1.761059570312500000e+01 5.643029808998107910e-01
-1.007199048995971680e+00 1.885467529296875000e+01 -3.849659919738769531e+00
-1.733263015747070312e+00 1.915196228027343750e+01 -3.540364027023315430e+00
2.955982923507690430e+00 1.854373931884765625e+01 -1.722589969635009766e+00
-1.839943051338195801e+00 1.840619659423828125e+01 -2.587615013122558594e+00
2.144167900085449219e+00 1.910710906982421875e+01 -3.497714042663574219e+00
-2.562429904937744141e-01 1.890287780761718750e+01 -4.126952171325683594e+00
-1.822412014007568359e+00 1.745006561279296875e+01 -2.022156953811645508e+00
-5.109530091285705566e-01 1.725765228271484375e+01 -1.653070002794265747e-01
1.242818951606750488e+00 1.752735137939453125e+01 5.572399869561195374e-02
1.851758003234863281e+00 1.851468658447265625e+01 -3.543075084686279297e+00
1.791529953479766846e-01 1.804446411132812500e+01 -3.785856962203979492e+00
2.910346984863281250e+00 1.871617126464843750e+01 -2.444802045822143555e+00
3.411489963531494141e+00 1.837922668457031250e+01 -2.276432991027832031e+00
3.486140012741088867e+00 1.823203277587890625e+01 -1.559026002883911133e+00
2.908512115478515625e+00 1.811952972412109375e+01 -1.365977048873901367e+00
2.516544103622436523e+00 1.811005401611328125e+01 -1.130941987037658691e+00
-1.555637001991271973e+00 1.753531646728515625e+01 -1.255151033401489258e+00
3.093616008758544922e+00 1.818675231933593750e+01 -2.806302070617675781e+00
-3.862450122833251953e-01 1.800143432617187500e+01 -3.708395957946777344e+00
3.337013959884643555e+00 1.801675415039062500e+01 -1.309363007545471191e+00
7.971999794244766235e-02 1.753909301757812500e+01 3.717260062694549561e-01
4.727880060672760010e-01 1.737088012695312500e+01 -3.534813880920410156e+00
-1.250741004943847656e+00 1.786664581298828125e+01 -3.288610935211181641e+00
1.957731008529663086e+00 1.781385803222656250e+01 -9.136289954185485840e-01
-1.795586943626403809e+00 1.650115966796875000e+01 -1.580389976501464844e+00
1.779042959213256836e+00 1.775267028808593750e+01 -4.981620013713836670e-01
3.253328084945678711e+00 1.746050262451171875e+01 -2.833930015563964844e+00
1.348474025726318359e+00 1.740190124511718750e+01 -3.318666934967041016e+00
3.513134956359863281e+00 1.742812347412109375e+01 -2.215747117996215820e+00
3.104602098464965820e+00 1.720278167724609375e+01 -1.385478019714355469e+00
2.228749036788940430e+00 1.723455047607421875e+01 -1.290215015411376953e+00
1.431720018386840820e+00 1.699681854248046875e+01 -6.529300212860107422e-01
8.288339972496032715e-01 1.631340789794921875e+01 -2.478899993002414703e-02
-1.476441025733947754e+00 1.572042846679687500e+01 -5.717689990997314453e-01
3.846989870071411133e-01 1.680985260009765625e+01 3.681589961051940918e-01
1.546484947204589844e+00 1.613105773925781250e+01 -1.327746033668518066e+00
-1.730419993400573730e+00 1.596725463867187500e+01 -1.040611982345581055e+00
1.212769970297813416e-01 1.557130432128906250e+01 4.786080121994018555e-01
2.470711946487426758e+00 1.708460998535156250e+01 -2.998091936111450195e+00
3.077728033065795898e+00 1.687053680419921875e+01 -2.661374092102050781e+00
-5.385499820113182068e-02 1.614666748046875000e+01 -3.464958906173706055e+00
-1.138903975486755371e+00 1.537776184082031250e+01 -2.907016038894653320e+00
-1.607323050498962402e+00 1.463365936279296875e+01 -2.198081016540527344e+00
-2.132139950990676880e-01 1.530377197265625000e+01 5.312280058860778809e-01
1.913177967071533203e+00 1.650603485107421875e+01 -2.702709913253784180e+00
9.227089881896972656e-01 1.629726409912109375e+01 -2.885066032409667969e+00
2.665828943252563477e+00 1.664335632324218750e+01 -1.244559049606323242e+00
2.770117044448852539e+00 1.639785766601562500e+01 -2.368402004241943359e+00
3.201730012893676758e+00 1.676428222656250000e+01 -2.214982032775878906e+00
2.215817928314208984e+00 1.637656402587890625e+01 -1.854863047599792480e+00
9.718760251998901367e-01 1.460252380371093750e+01 -4.975709915161132812e-01
6.902699917554855347e-02 1.514749145507812500e+01 -3.216870069503784180e+00
1.768937945365905762e+00 1.611932373046875000e+01 -2.367396116256713867e+00
-1.876495003700256348e+00 1.419919586181640625e+01 -1.332924962043762207e+00
6.228380203247070312e-01 1.342890930175781250e+01 2.255350053310394287e-01
5.574709773063659668e-01 1.489222717285156250e+01 -2.559731006622314453e+00
1.103438019752502441e+00 1.512512207031250000e+01 -2.126076936721801758e+00
1.773607015609741211e+00 1.599027347564697266e+01 -1.924432039260864258e+00
1.310992956161499023e+00 1.512463378906250000e+01 -1.625154972076416016e+00
-1.868852972984313965e+00 1.390297698974609375e+01 -5.997269749641418457e-01
-1.286242961883544922e+00 1.494091033935546875e+01 -1.046079993247985840e-01
-6.013789772987365723e-01 1.444063568115234375e+01 5.338789820671081543e-01
-8.327040076255798340e-01 1.440074920654296875e+01 -2.870970964431762695e+00
7.278640270233154297e-01 1.299250030517578125e+01 -2.019589990377426147e-01
4.461359977722167969e-01 1.229414367675781250e+01 6.111019849777221680e-01
4.329139888286590576e-01 1.303306579589843750e+01 -2.057638883590698242e+00
-1.260426998138427734e+00 1.261032104492187500e+01 -2.275098085403442383e+00
1.149029016494750977e+00 1.432341766357421875e+01 -1.067507982254028320e+00
-1.912660002708435059e+00 1.189764404296875000e+01 2.781249880790710449e-01
-1.392350047826766968e-01 1.328633117675781250e+01 8.723589777946472168e-01
1.041859984397888184e-01 1.352315521240234375e+01 -2.712076902389526367e+00
9.315919876098632812e-01 1.383480834960937500e+01 -1.879354000091552734e+00
-7.123519778251647949e-01 1.203640747070312500e+01 1.090299010276794434e+00
-8.505079746246337891e-01 1.294317626953125000e+01 -2.561363935470581055e+00
-1.987395048141479492e+00 1.224588775634765625e+01 -5.994499847292900085e-02
-3.325499966740608215e-02 1.149414062500000000e+01 1.170071959495544434e+00
-1.424509048461914062e+00 1.147411346435546875e+01 1.000278949737548828e+00
-2.101881027221679688e+00 1.192926788330078125e+01 -5.657029747962951660e-01
8.272089958190917969e-01 1.317729854583740234e+01 -1.290034055709838867e+00
-1.829874992370605469e+00 1.224417114257812500e+01 -1.549078941345214844e+00
9.995000064373016357e-02 1.171599578857421875e+01 -2.075112104415893555e+00
3.987439870834350586e-01 1.065780639648437500e+01 1.079717040061950684e+00
-2.904079854488372803e-01 1.172991180419921875e+01 -2.297916889190673828e+00
4.456360042095184326e-01 1.173414611816406250e+01 -1.486017942428588867e+00
5.864019989967346191e-01 1.171640777587890625e+01 3.140519857406616211e-01
4.690560102462768555e-01 1.092124938964843750e+01 -1.186375975608825684e+00
-2.238559961318969727e+00 1.016960906982421875e+01 -4.314469993114471436e-01
3.754290044307708740e-01 9.071418762207031250e+00 -2.524180114269256592e-01
-9.874190092086791992e-01 1.096044158935546875e+01 -2.016495943069458008e+00
-1.842813014984130859e+00 1.032307434082031250e+01 -1.154629945755004883e+00
-2.183852910995483398e+00 1.011369323730468750e+01 4.978550076484680176e-01
-9.930959939956665039e-01 9.413703918457031250e+00 1.731485962867736816e+00
-1.388929963111877441e+00 9.536697387695312500e+00 -1.371829032897949219e+00
-1.459970951080322266e+00 8.716682434082031250e+00 1.750700950622558594e+00
-2.053010940551757812e+00 9.240493774414062500e+00 1.047199964523315430e+00
-1.020440012216567993e-01 9.657272338867187500e+00 1.534340977668762207e+00
6.532599776983261108e-02 1.004790496826171875e+01 -1.640903949737548828e+00
-7.838259935379028320e-01 9.457869529724121094e+00 -1.540140986442565918e+00
4.005849957466125488e-01 8.704895019531250000e+00 -7.122769951820373535e-01
4.717879891395568848e-01 8.665283203125000000e+00 1.032657027244567871e+00
3.122920095920562744e-01 8.899864196777343750e+00 1.398792982101440430e+00
-2.221219986677169800e-01 8.295616149902343750e+00 1.867702007293701172e+00
8.796600252389907837e-02 8.198586463928222656e+00 -1.186681032180786133e+00
-2.412269115447998047e+00 7.575644969940185547e+00 1.519159972667694092e-01
-2.343575954437255859e+00 7.486298084259033203e+00 9.614930152893066406e-01
-1.688835024833679199e+00 7.603188037872314453e+00 -7.257829904556274414e-01
3.163459897041320801e-01 4.871407032012939453e+00 4.035879969596862793e-01
-1.928109973669052124e-01 7.089004993438720703e+00 2.100349903106689453e+00
-8.117529749870300293e-01 6.616088867187500000e+00 2.349606990814208984e+00
-1.414162993431091309e+00 6.808341979980468750e+00 2.147140979766845703e+00
-2.253251075744628906e+00 8.146194458007812500e+00 -3.081429898738861084e-01
4.519529938697814941e-01 6.329230785369873047e+00 1.235671043395996094e+00
1.597619950771331787e-01 6.597548961639404297e+00 -7.529730200767517090e-01
-7.522490024566650391e-01 6.952033996582031250e+00 -8.655200004577636719e-01
-2.037445068359375000e+00 6.401610851287841797e+00 1.683182954788208008e+00
3.736299872398376465e-01 6.361771106719970703e+00 -3.922739923000335693e-01
-2.418931007385253906e+00 4.686576843261718750e+00 7.282289862632751465e-01
-2.270688056945800781e+00 6.065514087677001953e+00 9.771999903023242950e-03
-2.282780885696411133e+00 5.390883922576904297e+00 1.461645960807800293e+00
2.069880068302154541e-01 6.454933166503906250e+00 1.937742948532104492e+00
-1.874469995498657227e+00 4.900185108184814453e+00 -1.065019965171813965e-01
-7.519620060920715332e-01 5.022148132324218750e+00 2.652148008346557617e+00
-1.383731961250305176e+00 5.157379150390625000e+00 2.457410097122192383e+00
-1.310600042343139648e+00 6.069716930389404297e+00 -5.413870215415954590e-01
3.744170069694519043e-01 4.994750976562500000e+00 -1.257140040397644043e-01
-2.414716005325317383e+00 4.607512950897216797e+00 1.092471003532409668e+00
4.522350132465362549e-01 4.639160156250000000e+00 1.474182963371276855e+00
1.180770024657249451e-01 4.408713817596435547e+00 2.460068941116333008e+00
-1.172470003366470337e-01 5.051445007324218750e+00 -4.936900138854980469e-01
-8.261349797248840332e-01 5.032341003417968750e+00 -4.762240052223205566e-01
-1.975085020065307617e+00 4.397362232208251953e+00 2.111489057540893555e+00
1.404380053281784058e-01 5.073067188262939453e+00 -5.013719797134399414e-01
-4.300979971885681152e-01 5.035460948944091797e+00 -4.695180058479309082e-01
-2.212310075759887695e+00 4.813278198242187500e+00 1.839780062437057495e-01
-4.746899902820587158e-01 4.325820922851562500e+00 2.694261074066162109e+00
-1.568400025367736816e+00 4.336533069610595703e+00 2.442588090896606445e+00
-8.684340119361877441e-01 4.293083190917968750e+00 2.762551069259643555e+00
