2.962315082550048828e+00 2.486543273925781250e+01 1.962309002876281738e+00
1.913663029670715332e+00 2.445215606689453125e+01 2.843808889389038086e+00
3.276030063629150391e+00 2.424694061279296875e+01 3.230815887451171875e+00
3.054234981536865234e+00 2.480889892578125000e+01 1.443086981773376465e+00
2.101490020751953125e+00 2.465010070800781250e+01 1.845530986785888672e+00
4.190378189086914062e+00 2.434026336669921875e+01 2.377749919891357422e+00
3.634839057922363281e+00 2.455930328369140625e+01 2.600075006484985352e+00
1.695819020271301270e+00 2.420491027832031250e+01 2.853730916976928711e+00
1.541339039802551270e+00 2.401538848876953125e+01 3.135911941528320312e+00
3.486888885498046875e+00 2.353726196289062500e+01 3.676801919937133789e+00
2.546917915344238281e+00 2.416440582275390625e+01 3.418606042861938477e+00
1.544644951820373535e+00 2.458978271484375000e+01 1.845548987388610840e+00
4.537306785583496094e+00 2.398071289062500000e+01 2.174822092056274414e+00
4.408664226531982422e+00 2.288995361328125000e+01 3.279788970947265625e+00
2.157686948776245117e+00 2.331944274902343750e+01 3.798724889755249023e+00
2.845551013946533203e+00 2.278990936279296875e+01 4.015940189361572266e+00
3.741678953170776367e+00 2.449580383300781250e+01 1.134171009063720703e+00
8.670089840888977051e-01 2.376101684570312500e+01 2.038022994995117188e+00
3.891238927841186523e+00 2.256517028808593750e+01 3.751288890838623047e+00
1.992570996284484863e+00 2.446341705322265625e+01 6.320350170135498047e-01
3.291223049163818359e+00 2.434894561767578125e+01 4.793860018253326416e-01
4.770423889160156250e+00 2.376277923583984375e+01 1.521031975746154785e+00
1.315127015113830566e+00 2.299931335449218750e+01 3.403863906860351562e+00
1.597244977951049805e+00 2.393040466308593750e+01 5.669800043106079102e-01
4.342192173004150391e+00 2.367208099365234375e+01 6.528220176696777344e-01
1.132606983184814453e+00 2.401336669921875000e+01 1.345772027969360352e+00
6.302030086517333984e-01 2.298565673828125000e+01 1.440495014190673828e+00
4.919147968292236328e+00 2.245079040527343750e+01 2.473242044448852539e+00
3.241611003875732422e+00 2.212524414062500000e+01 3.945650100708007812e+00
2.412415027618408203e+00 2.373636627197265625e+01 -2.064789980649948120e-01
9.350759983062744141e-01 2.331098175048828125e+01 2.748156070709228516e+00
7.571409940719604492e-01 2.235886383056640625e+01 2.592597961425781250e+00
1.613255977630615234e+00 2.220230865478515625e+01 3.637423992156982422e+00
3.816400051116943359e+00 2.325602722167968750e+01 -2.581699937582015991e-02
1.082074046134948730e+00 2.298405456542968750e+01 6.855090260505676270e-01
4.214815139770507812e+00 2.156816864013671875e+01 3.261208057403564453e+00
1.670814990997314453e+00 2.280554199218750000e+01 3.025799989700317383e-02
4.991431236267089844e+00 2.276527404785156250e+01 1.101771950721740723e+00
1.885064005851745605e+00 2.127664947509765625e+01 3.319098949432373047e+00
2.620517969131469727e+00 2.174764251708984375e+01 3.902750015258789062e+00
-1.295115947723388672e+00 2.373741149902343750e+01 -1.296038985252380371e+00
-1.592761039733886719e+00 2.371564483642578125e+01 -6.424670219421386719e-01
-1.146821975708007812e+00 2.364609527587890625e+01 -5.280719995498657227e-01
-1.090190052986145020e+00 2.317289733886718750e+01 4.011459946632385254e-01
-1.661543011665344238e+00 2.327644348144531250e+01 2.790600061416625977e-01
-1.101822972297668457e+00 2.308081054687500000e+01 8.961510062217712402e-01
-6.696900129318237305e-01 2.265652465820312500e+01 8.642539978027343750e-01
8.487809896469116211e-01 2.177886199951171875e+01 2.403476953506469727e+00
-1.032590031623840332e+00 2.380863189697265625e+01 -1.342998981475830078e+00
-4.692350029945373535e-01 2.295018768310546875e+01 -1.569339931011199951e-01
2.790395021438598633e+00 2.305434417724609375e+01 -4.833199977874755859e-01
-3.156040012836456299e-01 2.276690673828125000e+01 7.993199825286865234e-01
6.451290249824523926e-01 2.283551788330078125e+01 6.793590188026428223e-01
5.923999845981597900e-02 2.250765991210937500e+01 1.455976009368896484e+00
-1.172546029090881348e+00 2.320666503906250000e+01 -1.911779999732971191e+00
-7.074429988861083984e-01 2.356646728515625000e+01 -1.662997961044311523e+00
-3.050870001316070557e-01 2.356666564941406250e+01 -1.384225010871887207e+00
-5.379980206489562988e-01 2.337297821044921875e+01 -6.151509881019592285e-01
-1.969159007072448730e+00 2.301177215576171875e+01 -1.335659980773925781e+00
-2.132741928100585938e+00 2.302233123779296875e+01 -1.435209959745407104e-01
4.411486148834228516e+00 2.273042297363281250e+01 2.759900093078613281e-01
-5.164600163698196411e-02 2.265805053710937500e+01 1.415199935436248779e-01
-1.608199000358581543e+00 2.269443511962890625e+01 9.062209725379943848e-01
-1.168759942054748535e+00 2.230277252197265625e+01 1.389309048652648926e+00
-1.329913973808288574e+00 2.154299163818359375e+01 1.650843024253845215e+00
-4.715810120105743408e-01 2.209658813476562500e+01 1.461557030677795410e+00
1.028209999203681946e-01 2.189447021484375000e+01 1.860996007919311523e+00
3.426919877529144287e-01 2.358489227294921875e+01 -1.998453974723815918e+00
-7.523299753665924072e-02 2.355389404296875000e+01 -1.985896944999694824e+00
6.022940278053283691e-01 2.307018280029296875e+01 -1.542966008186340332e+00
-5.763199925422668457e-02 2.289573669433593750e+01 -1.026461958885192871e+00
-1.103620007634162903e-01 2.206639862060546875e+01 -6.760410070419311523e-01
3.324551105499267578e+00 2.214125823974609375e+01 -3.422490060329437256e-01
1.952692985534667969e+00 2.213216400146484375e+01 -3.656829893589019775e-01
-2.158103942871093750e+00 2.197102355957031250e+01 2.783409953117370605e-01
4.361063957214355469e+00 2.128957366943359375e+01 4.446449875831604004e-01
4.602715969085693359e+00 2.137483215332031250e+01 6.296629905700683594e-01
-4.395399987697601318e-01 2.149516296386718750e+01 1.606757998466491699e+00
7.354710102081298828e-01 2.045623016357421875e+01 1.730433940887451172e+00
4.704644203186035156e+00 2.142520904541015625e+01 2.329396963119506836e+00
1.396098971366882324e+00 2.108979034423828125e+01 2.399691104888916016e+00
3.356373071670532227e+00 2.077867889404296875e+01 3.178603887557983398e+00
-1.021041989326477051e+00 2.312433624267578125e+01 -2.399878978729248047e+00
7.354270219802856445e-01 2.280106353759765625e+01 -1.982192993164062500e+00
4.045250117778778076e-01 2.183960723876953125e+01 -6.271110177040100098e-01
2.231463909149169922e+00 2.070078277587890625e+01 2.532154083251953125e+00
2.080800011754035950e-02 2.168910980224609375e+01 -1.430698037147521973e+00
2.643980979919433594e+00 2.195236968994140625e+01 -2.709980010986328125e-01
-1.810379028320312500e+00 2.124839019775390625e+01 1.000138998031616211e+00
-7.353529930114746094e-01 2.101436614990234375e+01 1.547613024711608887e+00
3.797929883003234863e-01 2.266711425781250000e+01 -2.646146059036254883e+00
5.226240158081054688e-01 2.166535949707031250e+01 -1.912657976150512695e+00
1.233716964721679688e+00 2.184517669677734375e+01 -5.414599776268005371e-01
2.203109025955200195e+00 2.142016601562500000e+01 -2.757799923419952393e-01
3.821054935455322266e+00 2.183224487304687500e+01 -3.597300127148628235e-02
3.280421018600463867e+00 2.176924896240234375e+01 2.426870018243789673e-01
4.920489788055419922e+00 2.151141357421875000e+01 1.530066967010498047e+00
4.158189773559570312e+00 2.070676422119140625e+01 2.244501113891601562e+00
-5.266550183296203613e-01 2.241436004638671875e+01 -2.828816890716552734e+00
-1.103525042533874512e+00 2.184278106689453125e+01 -2.681216955184936523e+00
-2.496660947799682617e+00 2.206126403808593750e+01 -4.523110091686248779e-01
-2.759833097457885742e+00 2.090447998046875000e+01 -1.261304020881652832e+00
3.244729995727539062e+00 2.139888000488281250e+01 3.918879926204681396e-01
3.565097093582153320e+00 2.120263671875000000e+01 8.382589817047119141e-01
4.342475891113281250e+00 2.114964294433593750e+01 8.749709725379943848e-01
3.387566089630126953e+00 2.086550903320312500e+01 1.183449029922485352e+00
2.832808971405029297e+00 2.056380462646484375e+01 2.088032007217407227e+00
1.675518035888671875e+00 2.040728759765625000e+01 2.032452106475830078e+00
3.496687889099121094e+00 2.049723052978515625e+01 2.248207092285156250e+00
5.189359784126281738e-01 2.170311737060546875e+01 -2.267071962356567383e+00
-2.250650882720947266e+00 2.188906860351562500e+01 -1.423370003700256348e+00
8.176869750022888184e-01 2.106215667724609375e+01 -1.245105028152465820e+00
-2.462917089462280273e+00 2.016406250000000000e+01 5.104399845004081726e-02
-1.126700997352600098e+00 2.058542633056640625e+01 9.915699958801269531e-01
2.673670053482055664e+00 2.023670959472656250e+01 1.146250009536743164e+00
2.346999943256378174e-02 1.886807250976562500e+01 1.038351058959960938e+00
-1.013389974832534790e-01 2.169939422607421875e+01 -2.779766082763671875e+00
-2.364625930786132812e+00 2.135559082031250000e+01 -1.776494026184082031e+00
2.759396076202392578e+00 2.062821197509765625e+01 5.138490200042724609e-01
-4.369069933891296387e-01 1.975278472900390625e+01 1.022941946983337402e+00
1.316730022430419922e+00 2.047911834716796875e+01 -9.981120228767395020e-01
2.254600048065185547e+00 2.003048706054687500e+01 1.506927013397216797e+00
1.155475974082946777e+00 1.888772583007812500e+01 1.482838034629821777e+00
1.642719030380249023e+00 1.895539093017578125e+01 1.212610006332397461e+00
-2.867758035659790039e+00 1.972167968750000000e+01 -9.106730222702026367e-01
-2.622548103332519531e+00 2.092421722412109375e+01 -4.802150130271911621e-01
2.269923925399780273e+00 1.956856536865234375e+01 1.056499965488910675e-02
-5.745000243186950684e-01 2.054750061035156250e+01 -2.760343074798583984e+00
6.742209792137145996e-01 2.046947479248046875e+01 -2.478238105773925781e+00
-1.179327011108398438e+00 2.085450744628906250e+01 -2.596203088760375977e+00
-2.671395063400268555e+00 2.025114440917968750e+01 -1.685886979103088379e+00
1.828575968742370605e+00 1.976527404785156250e+01 -6.719880104064941406e-01
-1.755300045013427734e+00 1.844351959228515625e+01 -3.416039943695068359e-01
5.730180144309997559e-01 1.916371917724609375e+01 1.494457006454467773e+00
-1.446280002593994141e+00 2.004914855957031250e+01 -2.627676963806152344e+00
-1.326344966888427734e+00 1.879257202148437500e+01 3.365780115127563477e-01
2.242732048034667969e+00 1.918759918212890625e+01 3.695200085639953613e-01
1.230044960975646973e+00 2.007826995849609375e+01 -1.753188014030456543e+00
1.560759991407394409e-01 1.998740386962890625e+01 -2.728159904479980469e+00
1.144662022590637207e+00 1.951555633544921875e+01 -1.988186001777648926e+00
1.594339966773986816e+00 1.874733734130859375e+01 -1.808766961097717285e+00
1.959260940551757812e+00 1.896971130371093750e+01 -1.337563991546630859e+00
-2.366107940673828125e+00 1.938185119628906250e+01 -8.023409843444824219e-01
2.410274982452392578e+00 1.863655090332031250e+01 -3.463990092277526855e-01
1.299761056900024414e+00 1.781903839111328125e+01 9.753109812736511230e-01
1.837496995925903320e+00 1.776758575439453125e+01 1.490000039339065552e-01
-2.454083919525146484e+00 1.965325164794921875e+01 -1.758942008018493652e+00
-1.069653034210205078e+00 1.837552642822265625e+01 -2.263776063919067383e+00
-1.200070008635520935e-01 1.930773162841796875e+01 -2.461997032165527344e+00
6.896089911460876465e-01 1.901844787597656250e+01 -2.192497014999389648e+00
-2.068497896194458008e+00 1.920793151855468750e+01 -1.613973975181579590e+00
-1.698279023170471191e+00 1.765551757812500000e+01 -1.172395944595336914e+00
8.034309744834899902e-01 1.642818450927734375e+01 8.777940273284912109e-01
-1.636698007583618164e+00 1.811321258544921875e+01 -1.585600018501281738e+00
2.178425073623657227e+00 1.758605957031250000e+01 -3.696300089359283447e-02
2.726782083511352539e+00 1.839973449707031250e+01 -1.261402010917663574e+00
2.836421966552734375e+00 1.768986511230468750e+01 -1.338880062103271484e-01
-1.317300051450729370e-01 1.760077667236328125e+01 -2.146056890487670898e+00
2.944063901901245117e+00 1.816371917724609375e+01 -6.129360198974609375e-01
-1.430359005928039551e+00 1.625947570800781250e+01 -1.568980067968368530e-01
5.303750038146972656e-01 1.751996612548828125e+01 1.079017996788024902e+00
2.060137987136840820e+00 1.799723052978515625e+01 -1.787320971488952637e+00
2.782285928726196289e+00 1.780205535888671875e+01 -1.574090957641601562e+00
3.073338985443115234e+00 1.735633850097656250e+01 -1.210816979408264160e+00
-9.081850051879882812e-01 1.732109832763671875e+01 4.233739972114562988e-01
2.436119079589843750e+00 1.655014038085937500e+01 -5.953850150108337402e-01
1.541957020759582520e+00 1.643885040283203125e+01 -2.021680027246475220e-01
1.730226039886474609e+00 1.669747924804687500e+01 -1.670516967773437500e+00
2.576817989349365234e+00 1.698780059814453125e+01 -1.523079037666320801e+00
-1.408885955810546875e+00 1.604389953613281250e+01 -1.588071942329406738e+00
1.305181980133056641e+00 1.503114318847656250e+01 -2.902069985866546631e-01
5.320600047707557678e-02 1.497669219970703125e+01 7.436349987983703613e-01
-7.198780179023742676e-01 1.663029479980468750e+01 -2.277266025543212891e+00
9.725689888000488281e-01 1.736402130126953125e+01 -1.847511053085327148e+00
-1.201995968818664551e+00 1.550931453704833984e+01 1.722490042448043823e-01
-1.114873051643371582e+00 1.606777954101562500e+01 -2.018035888671875000e+00
1.464758992195129395e+00 1.581636047363281250e+01 -1.341403961181640625e+00
2.408596038818359375e+00 1.642636871337890625e+01 -1.115128993988037109e+00
4.943580031394958496e-01 1.366757965087890625e+01 3.841739892959594727e-01
7.882699966430664062e-01 1.585695552825927734e+01 -1.776643991470336914e+00
1.420606970787048340e+00 1.550547027587890625e+01 -9.479349851608276367e-01
-1.018890023231506348e+00 1.388188171386718750e+01 3.497120141983032227e-01
-9.560299664735794067e-02 1.596770477294921875e+01 -1.976094961166381836e+00
7.352280020713806152e-01 1.429499816894531250e+01 -1.610010027885437012e+00
-7.139699906110763550e-02 1.463415527343750000e+01 -2.071119070053100586e+00
-9.593560099601745605e-01 1.453285980224609375e+01 -2.150387048721313477e+00
-1.609900951385498047e+00 1.520720672607421875e+01 -8.831059932708740234e-01
1.184239983558654785e+00 1.446221160888671875e+01 -1.068071007728576660e+00
8.541079759597778320e-01 1.309882354736328125e+01 -5.868759751319885254e-01
-1.312841057777404785e+00 1.312262725830078125e+01 -1.981140017509460449e+00
-8.992969989776611328e-01 1.155796813964843750e+01 4.597019851207733154e-01
5.899540185928344727e-01 1.152448272705078125e+01 -4.329949915409088135e-01
-1.278979927301406860e-01 1.187522125244140625e+01 4.595929980278015137e-01
-3.829590082168579102e-01 1.350576019287109375e+01 -2.313383102416992188e+00
-1.585791945457458496e+00 1.270585632324218750e+01 -2.270569950342178345e-01
-1.887735962867736816e+00 1.244991302490234375e+01 -1.210139989852905273e+00
2.456910014152526855e-01 1.097836303710937500e+01 6.995200365781784058e-02
-1.508187055587768555e+00 1.097971343994140625e+01 2.131799980998039246e-02
-7.238700240850448608e-02 1.282092952728271484e+01 -2.078475952148437500e+00
6.490150094032287598e-01 1.212213134765625000e+01 -1.602771997451782227e+00
-5.691900253295898438e-01 1.077684783935546875e+01 5.160430073738098145e-01
-5.462759733200073242e-01 1.152351379394531250e+01 -2.588069915771484375e+00
-2.132342100143432617e+00 9.927192687988281250e+00 -1.247107982635498047e+00
-1.445122003555297852e+00 1.180693054199218750e+01 -2.063944101333618164e+00
-1.954795956611633301e+00 1.014608001708984375e+01 -1.713912963867187500e+00
5.365189909934997559e-01 1.001516723632812500e+01 -1.453619003295898438e+00
-9.646599739789962769e-02 1.039571380615234375e+01 -2.256241083145141602e+00
-1.776602029800415039e+00 9.467896461486816406e+00 -2.998139858245849609e-01
-2.407270073890686035e-01 9.185951232910156250e+00 2.931390106678009033e-01
3.996919989585876465e-01 9.489112854003906250e+00 -3.449690043926239014e-01
-1.215196967124938965e+00 9.192161560058593750e+00 3.036170005798339844e-01
-6.332970261573791504e-01 1.053424072265625000e+01 -2.542232990264892578e+00
-2.031727075576782227e+00 9.735022544860839844e+00 -8.621709942817687988e-01
-1.238634943962097168e+00 1.042610931396484375e+01 -2.321229934692382812e+00
-7.324110269546508789e-01 9.115203857421875000e+00 4.296930134296417236e-01
3.300609886646270752e-01 1.025496673583984375e+01 -1.946288943290710449e+00
