3.496788978576660156e+00 2.531332397460937500e+01 1.859370946884155273e+00
2.790632963180541992e+00 2.530022430419921875e+01 1.824874997138977051e+00
3.285383939743041992e+00 2.498516082763671875e+01 2.453289985656738281e+00
2.789480924606323242e+00 2.502542877197265625e+01 2.464999914169311523e+00
3.396282911300659180e+00 2.470930480957031250e+01 2.580670118331909180e+00
3.221093893051147461e+00 2.533318328857421875e+01 1.109323978424072266e+00
3.865489959716796875e+00 2.518949890136718750e+01 1.460425972938537598e+00
2.514913082122802734e+00 2.520500946044921875e+01 1.388041973114013672e+00
3.031407117843627930e+00 2.527379608154296875e+01 1.326877951622009277e+00
3.798978090286254883e+00 2.502875518798828125e+01 1.841580986976623535e+00
4.248929023742675781e+00 2.486914825439453125e+01 1.142384052276611328e+00
1.989776015281677246e+00 2.488842010498046875e+01 2.186609029769897461e+00
2.605935096740722656e+00 2.467358398437500000e+01 2.540534973144531250e+00
3.961577892303466797e+00 2.474800872802734375e+01 2.375921010971069336e+00
4.300277233123779297e+00 2.446054840087890625e+01 2.397819042205810547e+00
2.220952987670898438e+00 2.462100982666015625e+01 2.761229038238525391e+00
3.078080892562866211e+00 2.449378204345703125e+01 3.006880044937133789e+00
2.881211042404174805e+00 2.411783599853515625e+01 3.220048904418945312e+00
3.613106966018676758e+00 2.517668151855468750e+01 8.455330133438110352e-01
2.027231931686401367e+00 2.501093292236328125e+01 1.215497970581054688e+00
1.391335964202880859e+00 2.476380920410156250e+01 1.801295995712280273e+00
4.563518047332763672e+00 2.457307434082031250e+01 1.808487057685852051e+00
1.749557018280029297e+00 2.448728179931640625e+01 2.386799097061157227e+00
1.588222980499267578e+00 2.432590484619140625e+01 2.862998962402343750e+00
3.552356958389282227e+00 2.410768890380859375e+01 3.114914894104003906e+00
2.460129022598266602e+00 2.381993865966796875e+01 3.318634986877441406e+00
3.351629018783569336e+00 2.483103942871093750e+01 4.040300101041793823e-02
2.780436992645263672e+00 2.501061248779296875e+01 3.761079907417297363e-01
1.856171965599060059e+00 2.495736694335937500e+01 1.053601026535034180e+00
4.890110015869140625e+00 2.398137664794921875e+01 2.278789997100830078e+00
2.045604944229125977e+00 2.378681945800781250e+01 3.359574079513549805e+00
4.404672145843505859e+00 2.359922790527343750e+01 2.992779016494750977e+00
3.262648105621337891e+00 2.347245025634765625e+01 3.490521907806396484e+00
4.066030979156494141e+00 2.472071838378906250e+01 3.933239877223968506e-01
4.867024898529052734e+00 2.436593627929687500e+01 1.103067994117736816e+00
1.130699992179870605e+00 2.427978515625000000e+01 1.355584025382995605e+00
1.759057044982910156e+00 2.393073272705078125e+01 3.027184009552001953e+00
2.751337051391601562e+00 2.332799530029296875e+01 3.672326087951660156e+00
3.485208988189697266e+00 2.303284454345703125e+01 3.632509946823120117e+00
2.162430047988891602e+00 2.467073059082031250e+01 -6.882099807262420654e-02
1.466969013214111328e+00 2.447225189208984375e+01 8.102650046348571777e-01
9.938889741897583008e-01 2.393392944335937500e+01 2.015305995941162109e+00
1.551031947135925293e+00 2.337451934814453125e+01 3.050425052642822266e+00
2.138253927230834961e+00 2.432879638671875000e+01 -2.836489975452423096e-01
4.976482868194580078e+00 2.398442840576171875e+01 4.496209919452667236e-01
1.012838006019592285e+00 2.349008941650390625e+01 8.469889760017395020e-01
9.715319871902465820e-01 2.326611328125000000e+01 2.501379013061523438e+00
4.150859832763671875e+00 2.263784027099609375e+01 3.347227096557617188e+00
2.870829105377197266e+00 2.381501007080078125e+01 -8.760929703712463379e-01
3.655395984649658203e+00 2.422917175292968750e+01 -4.432240128517150879e-01
4.325274944305419922e+00 2.391326141357421875e+01 -2.300360053777694702e-01
5.185163974761962891e+00 2.393525695800781250e+01 1.498633027076721191e+00
5.269464015960693359e+00 2.275354766845703125e+01 1.945677042007446289e+00
1.183922052383422852e+00 2.265296936035156250e+01 2.822179079055786133e+00
4.957983016967773438e+00 2.289589691162109375e+01 2.613017082214355469e+00
1.749873042106628418e+00 2.259209442138671875e+01 3.253953933715820312e+00
4.579667091369628906e+00 2.240454101562500000e+01 3.021995067596435547e+00
2.832741975784301758e+00 2.234689331054687500e+01 3.654129981994628906e+00
3.668669939041137695e+00 2.189363098144531250e+01 3.420789003372192383e+00
1.775122046470642090e+00 2.355697631835937500e+01 -1.444610059261322021e-01
7.515590190887451172e-01 2.329170227050781250e+01 1.629559040069580078e+00
2.401051998138427734e+00 2.184625244140625000e+01 3.362916946411132812e+00
-9.474459886550903320e-01 2.396236419677734375e+01 -2.374739944934844971e-01
-5.968999862670898438e-01 2.371972656250000000e+01 -4.573020040988922119e-01
-1.368440985679626465e+00 2.370146179199218750e+01 2.530190050601959229e-01
-8.080419898033142090e-01 2.341014862060546875e+01 1.695539951324462891e-01
-1.158210992813110352e+00 2.333770751953125000e+01 3.594340085983276367e-01
-1.104581952095031738e+00 2.341028594970703125e+01 6.739619970321655273e-01
5.429401874542236328e+00 2.292134094238281250e+01 9.170569777488708496e-01
9.316939711570739746e-01 2.207374572753906250e+01 1.938972949981689453e+00
5.014486789703369141e+00 2.192045593261718750e+01 2.321464061737060547e+00
1.565686941146850586e+00 2.191677093505859375e+01 2.808947086334228516e+00
-2.051500044763088226e-02 2.402873992919921875e+01 -1.102341055870056152e+00
-8.852869868278503418e-01 2.386940765380859375e+01 -8.922669887542724609e-01
-1.550595998764038086e+00 2.375673675537109375e+01 -7.666379809379577637e-01
-1.672863006591796875e+00 2.361861419677734375e+01 -3.701109886169433594e-01
1.962116956710815430e+00 2.258836364746093750e+01 -6.193240284919738770e-01
-3.401969969272613525e-01 2.320854187011718750e+01 -1.686190068721771240e-01
-1.674201011657714844e+00 2.332905578613281250e+01 3.001630008220672607e-01
5.125216007232666016e+00 2.295382690429687500e+01 1.994709968566894531e-01
-1.548809051513671875e+00 2.314724731445312500e+01 8.147529959678649902e-01
-9.016960263252258301e-01 2.311045837402343750e+01 8.148589730262756348e-01
6.133159995079040527e-01 2.310027313232421875e+01 7.539929747581481934e-01
-5.018129944801330566e-01 2.310128021240234375e+01 8.802660107612609863e-01
-1.035035967826843262e+00 2.294228363037109375e+01 1.252640962600708008e+00
-5.784190297126770020e-01 2.268099975585937500e+01 1.204594016075134277e+00
1.523730009794235229e-01 2.299363708496093750e+01 1.100451946258544922e+00
4.292559921741485596e-01 2.286262512207031250e+01 1.521623969078063965e+00
6.792659759521484375e-01 2.268774414062500000e+01 1.710211992263793945e+00
3.439899906516075134e-02 2.395289611816406250e+01 -1.634755969047546387e+00
4.239459931850433350e-01 2.378179168701171875e+01 -1.257745981216430664e+00
-1.213698983192443848e+00 2.353971862792968750e+01 -1.300858020782470703e+00
4.445540010929107666e-01 2.348670959472656250e+01 -1.086051940917968750e+00
1.111259981989860535e-01 2.272947692871093750e+01 -8.830130100250244141e-01
4.500383853912353516e+00 2.321884918212890625e+01 -4.055309891700744629e-01
-1.930016040802001953e+00 2.293137359619140625e+01 2.735730111598968506e-01
-2.628299966454505920e-02 2.275885772705078125e+01 -5.880900099873542786e-02
-2.806499898433685303e-01 2.298909759521484375e+01 4.531269967555999756e-01
-1.495189964771270752e-01 2.282920074462890625e+01 8.184480071067810059e-01
-1.260951042175292969e+00 2.265639495849609375e+01 1.237877964973449707e+00
2.269250005483627319e-01 2.248639678955078125e+01 1.669955015182495117e+00
-1.149732947349548340e+00 2.194496917724609375e+01 1.668194055557250977e+00
1.228706002235412598e+00 2.143689727783203125e+01 2.000850915908813477e+00
3.090080022811889648e-01 2.354082489013671875e+01 -2.209290027618408203e+00
5.353530049324035645e-01 2.378536224365234375e+01 -1.861013054847717285e+00
7.242059707641601562e-01 2.348712158203125000e+01 -1.675176978111267090e+00
3.410902023315429688e+00 2.310327148437500000e+01 -1.037492990493774414e+00
2.677823066711425781e+00 2.285330963134765625e+01 -9.339540004730224609e-01
-2.200748920440673828e+00 2.278980255126953125e+01 -4.745390117168426514e-01
-1.625709980726242065e-01 2.196868133544921875e+01 1.732205986976623535e+00
-5.483829975128173828e-01 2.169454956054687500e+01 1.926005005836486816e+00
2.830473899841308594e+00 2.143912506103515625e+01 3.201721906661987305e+00
-1.751960068941116333e-01 2.370065307617187500e+01 -2.166084051132202148e+00
-1.103845953941345215e+00 2.348262023925781250e+01 -1.858785986900329590e+00
-1.976058006286621094e+00 2.273829650878906250e+01 -1.264649987220764160e+00
4.547979831695556641e+00 2.214054107666015625e+01 -3.941060006618499756e-01
-2.186214923858642578e+00 2.227300262451171875e+01 6.378949880599975586e-01
5.350286006927490234e+00 2.219733428955078125e+01 1.188123941421508789e+00
7.906479835510253906e-01 2.173478698730468750e+01 1.892953038215637207e+00
-1.357089996337890625e+00 2.307570648193359375e+01 -2.003758907318115234e+00
3.703509867191314697e-01 2.239097595214843750e+01 -1.664047002792358398e+00
3.352751970291137695e+00 2.240314483642578125e+01 -9.149680137634277344e-01
3.953063011169433594e+00 2.245391082763671875e+01 -8.007090091705322266e-01
-2.320456027984619141e+00 2.262544250488281250e+01 2.492699958384037018e-02
3.815279901027679443e-01 2.234597015380859375e+01 -4.198780059814453125e-01
1.380022048950195312e+00 2.290720367431640625e+01 -2.316299974918365479e-01
-1.503914952278137207e+00 2.142189025878906250e+01 1.043166041374206543e+00
-6.034470200538635254e-01 2.114350891113281250e+01 1.789504051208496094e+00
2.117990970611572266e+00 2.119319152832031250e+01 2.230067014694213867e+00
4.280478000640869141e+00 2.134397125244140625e+01 2.691479921340942383e+00
-2.331919968128204346e-01 2.284401702880859375e+01 -2.459845066070556641e+00
-7.757760286331176758e-01 2.320728302001953125e+01 -2.255697011947631836e+00
4.662280082702636719e-01 2.227451324462890625e+01 -2.043221950531005859e+00
3.197399973869323730e-01 2.200852966308593750e+01 -1.427968978881835938e+00
2.761182069778442383e+00 2.237709808349609375e+01 -8.279359936714172363e-01
3.990989923477172852e-01 2.235859680175781250e+01 -7.090629935264587402e-01
-2.599706888198852539e+00 2.195156860351562500e+01 -6.464629769325256348e-01
2.289311885833740234e+00 2.202200317382812500e+01 -5.945760011672973633e-01
7.104650139808654785e-01 2.218260192871093750e+01 -7.889770269393920898e-01
1.398550987243652344e+00 2.205481719970703125e+01 -7.044579982757568359e-01
4.894519805908203125e+00 2.131890869140625000e+01 1.704702973365783691e+00
-1.040467023849487305e+00 2.080332183837890625e+01 1.137938022613525391e+00
1.184379979968070984e-01 2.119434356689453125e+01 1.704388022422790527e+00
2.884391069412231445e+00 2.095391845703125000e+01 2.165667057037353516e+00
3.746640920639038086e+00 2.105841827392578125e+01 2.623197078704833984e+00
3.066375970840454102e+00 2.102561187744140625e+01 2.599030017852783203e+00
2.208590060472488403e-01 2.217812347412109375e+01 -2.430174112319946289e+00
-1.676540970802307129e+00 2.233903503417968750e+01 -1.858705997467041016e+00
-2.394972085952758789e+00 2.193939971923828125e+01 -1.258375048637390137e+00
3.700547933578491211e+00 2.203666687011718750e+01 -7.403050065040588379e-01
3.187489986419677734e+00 2.217887878417968750e+01 -5.853940248489379883e-01
2.611432075500488281e+00 2.191986846923828125e+01 -5.711349844932556152e-01
3.373023033142089844e+00 2.186299133300781250e+01 -4.846630096435546875e-01
4.901622772216796875e+00 2.188643646240234375e+01 2.943599969148635864e-02
4.285044193267822266e+00 2.086618041992187500e+01 1.716570019721984863e+00
1.901993989944458008e+00 2.078399658203125000e+01 1.651381015777587891e+00
-6.007390022277832031e-01 2.167226409912109375e+01 -2.582411050796508789e+00
-2.105206966400146484e+00 2.177294158935546875e+01 -1.570619940757751465e+00
1.884001016616821289e+00 2.143737792968750000e+01 -6.289439797401428223e-01
4.144011020660400391e+00 2.188996887207031250e+01 -5.537739992141723633e-01
4.018372058868408203e+00 2.172468566894531250e+01 -5.575200170278549194e-02
4.138599872589111328e+00 2.153190612792968750e+01 -3.375720083713531494e-01
3.447966098785400391e+00 2.167442321777343750e+01 2.489300072193145752e-02
4.448329925537109375e+00 2.134197998046875000e+01 2.312999963760375977e-02
4.222794055938720703e+00 2.127590179443359375e+01 9.156240224838256836e-01
3.755306005477905273e+00 2.136806488037109375e+01 7.276750206947326660e-01
5.013301849365234375e+00 2.147980499267578125e+01 6.831809878349304199e-01
4.657314777374267578e+00 2.123360443115234375e+01 9.416940212249755859e-01
4.090034008026123047e+00 2.113677215576171875e+01 1.162783980369567871e+00
3.526840925216674805e+00 2.092149353027343750e+01 1.640213966369628906e+00
8.516370058059692383e-01 2.068315887451171875e+01 1.497508049011230469e+00
5.286100134253501892e-02 2.048165893554687500e+01 1.330934047698974609e+00
8.702549934387207031e-01 2.138397979736328125e+01 -1.377712011337280273e+00
-2.554558992385864258e+00 2.124340057373046875e+01 -1.033738970756530762e+00
2.823510885238647461e+00 2.129108428955078125e+01 -1.208920031785964966e-01
4.497836112976074219e+00 2.111364746093750000e+01 5.246610045433044434e-01
-1.849374055862426758e+00 2.064164733886718750e+01 8.404170274734497070e-01
3.852430105209350586e+00 2.097503662109375000e+01 9.118670225143432617e-01
-8.132169842720031738e-01 1.963372802734375000e+01 7.174419760704040527e-01
3.518987894058227539e+00 2.085120391845703125e+01 1.254856944084167480e+00
-5.007330179214477539e-01 2.058956146240234375e+01 1.299339056015014648e+00
2.466353893280029297e+00 2.066865539550781250e+01 1.426648974418640137e+00
1.316339015960693359e+00 1.997644042968750000e+01 1.356322050094604492e+00
-1.296852946281433105e+00 2.048839569091796875e+01 -2.450959920883178711e+00
1.543465018272399902e+00 2.067738342285156250e+01 -1.113656997680664062e+00
-2.714092969894409180e+00 2.125742340087890625e+01 -4.526770114898681641e-01
-2.486008882522583008e+00 2.020655822753906250e+01 5.655499920248985291e-02
3.422586917877197266e+00 2.111206817626953125e+01 6.491659879684448242e-01
2.954862117767333984e+00 2.073040008544921875e+01 1.256142020225524902e+00
6.276000142097473145e-01 1.987819671630859375e+01 1.316401004791259766e+00
2.216989994049072266e+00 2.075603485107421875e+01 -4.726139903068542480e-01
2.775496959686279297e+00 2.059030151367187500e+01 2.260420024394989014e-01
-1.613232016563415527e+00 1.949170684814453125e+01 4.523639976978302002e-01
7.791039943695068359e-01 2.054781341552734375e+01 -2.567447900772094727e+00
-2.447258949279785156e+00 2.023537445068359375e+01 -9.947069883346557617e-01
2.685626983642578125e+00 2.042623901367187500e+01 7.490620017051696777e-01
-2.124788999557495117e+00 1.995418548583984375e+01 3.003059923648834229e-01
1.436499953269958496e-01 2.101868438720703125e+01 -2.807952880859375000e+00
-1.558513998985290527e+00 2.067250823974609375e+01 -2.270342111587524414e+00
-2.152333021163940430e+00 2.020658874511718750e+01 -1.704512000083923340e+00
2.364823102951049805e+00 2.009996795654296875e+01 -4.039359986782073975e-01
-4.240610003471374512e-01 1.919010925292968750e+01 6.894080042839050293e-01
2.032340049743652344e+00 1.979559326171875000e+01 8.806229829788208008e-01
1.618479967117309570e+00 1.920219421386718750e+01 9.188939929008483887e-01
1.118760943412780762e+00 2.006347656250000000e+01 -2.134152889251708984e+00
2.436013936996459961e+00 1.974313354492187500e+01 4.290000069886445999e-03
1.705490052700042725e-01 1.904044342041015625e+01 9.017400145530700684e-01
1.870262026786804199e+00 1.951059722900390625e+01 -1.497477054595947266e+00
6.370390057563781738e-01 1.838973236083984375e+01 1.046473979949951172e+00
-1.973906040191650391e+00 1.959800720214843750e+01 -1.242405056953430176e+00
-2.089344978332519531e+00 1.944597625732421875e+01 -5.068299770355224609e-01
2.314313888549804688e+00 1.924198150634765625e+01 -1.047476053237915039e+00
-1.781551957130432129e+00 1.986366271972656250e+01 -1.777673959732055664e+00
1.579776048660278320e+00 1.931111145019531250e+01 -2.013950109481811523e+00
2.216219902038574219e+00 1.887975311279296875e+01 -4.152109920978546143e-01
1.795238018035888672e+00 1.839801788330078125e+01 -1.187039986252784729e-01
1.213070034980773926e+00 1.805730438232421875e+01 8.715530037879943848e-01
-4.838199913501739502e-02 2.007181549072265625e+01 -2.746922969818115234e+00
-5.062689781188964844e-01 1.942582702636718750e+01 -2.554677963256835938e+00
9.991229772567749023e-01 1.935072326660156250e+01 -2.357749938964843750e+00
-1.479825973510742188e+00 1.818857574462890625e+01 2.125110030174255371e-01
-9.948639869689941406e-01 1.770184326171875000e+01 4.741609990596771240e-01
1.506796956062316895e+00 1.698247528076171875e+01 -2.309930026531219482e-01
-4.607549905776977539e-01 1.752380371093750000e+01 6.254100203514099121e-01
4.257349967956542969e-01 1.903500366210937500e+01 -2.414573907852172852e+00
-1.404487967491149902e+00 1.864137268066406250e+01 -1.700672030448913574e+00
2.424890041351318359e+00 1.868679046630859375e+01 -8.877300024032592773e-01
-1.529080033302307129e+00 1.806837463378906250e+01 -1.340404987335205078e+00
-1.714509010314941406e+00 1.824378204345703125e+01 -4.992200136184692383e-01
-1.249668002128601074e+00 1.667175292968750000e+01 2.497269958257675171e-01
1.448387980461120605e+00 1.709934997558593750e+01 3.243080079555511475e-01
1.526113986968994141e+00 1.829624938964843750e+01 -2.356794118881225586e+00
2.164257049560546875e+00 1.823773193359375000e+01 -2.340723037719726562e+00
2.494402885437011719e+00 1.877703094482421875e+01 -1.932028055191040039e+00
2.749763965606689453e+00 1.849401092529296875e+01 -1.389407992362976074e+00
-6.689249873161315918e-01 1.851947784423828125e+01 -2.273113012313842773e+00
2.533655881881713867e+00 1.775451660156250000e+01 -1.111332058906555176e+00
9.122719764709472656e-01 1.665469360351562500e+01 8.579170107841491699e-01
7.886610031127929688e-01 1.801084899902343750e+01 -2.241731882095336914e+00
8.466300368309020996e-02 1.831712341308593750e+01 -2.332766056060791016e+00
-7.196189761161804199e-01 1.765829467773437500e+01 -2.230055093765258789e+00
1.669271945953369141e+00 1.731092834472656250e+01 -7.511199712753295898e-01
5.848680138587951660e-01 1.690399932861328125e+01 9.405710101127624512e-01
2.210649013519287109e+00 1.717001342773437500e+01 -1.153450012207031250e+00
-1.549749016761779785e+00 1.622248840332031250e+01 -6.294860243797302246e-01
2.489542007446289062e+00 1.788629150390625000e+01 -2.087476968765258789e+00
-1.027678966522216797e+00 1.672918701171875000e+01 -1.832963943481445312e+00
-1.482969999313354492e+00 1.593148803710937500e+01 -1.338520050048828125e-01
1.615005016326904297e+00 1.750927734375000000e+01 -2.252089977264404297e+00
2.651844024658203125e+00 1.765993499755859375e+01 -1.607012033462524414e+00
-1.395591974258422852e+00 1.630159759521484375e+01 -1.397335052490234375e+00
-8.621500134468078613e-01 1.589112091064453125e+01 5.293920040130615234e-01
1.097987055778503418e+00 1.571638488769531250e+01 7.793059945106506348e-01
-2.194329947233200073e-01 1.753559112548828125e+01 -2.181324005126953125e+00
1.107630968093872070e+00 1.708399963378906250e+01 -1.898908972740173340e+00
3.117629885673522949e-01 1.711901092529296875e+01 -1.943300008773803711e+00
1.323091983795166016e+00 1.625675964355468750e+01 -1.006055951118469238e+00
2.181580066680908203e-01 1.505488586425781250e+01 9.534360170364379883e-01
-2.914910018444061279e-01 1.667510986328125000e+01 -2.205774068832397461e+00
2.219096899032592773e+00 1.734398651123046875e+01 -2.038712024688720703e+00
1.707373023033142090e+00 1.700289154052734375e+01 -1.962820053100585938e+00
2.241967916488647461e+00 1.715012359619140625e+01 -1.468512058258056641e+00
1.671926975250244141e+00 1.687109375000000000e+01 -1.360411047935485840e+00
1.406751036643981934e+00 1.455661010742187500e+01 1.321129947900772095e-01
8.663330078125000000e-01 1.650586700439453125e+01 -1.721865057945251465e+00
-1.344792008399963379e+00 1.427074432373046875e+01 -1.649300009012222290e-02
-5.927230119705200195e-01 1.599774169921875000e+01 -2.012762069702148438e+00
1.187590003013610840e+00 1.617939758300781250e+01 -1.311869025230407715e+00
1.419183969497680664e+00 1.541867828369140625e+01 -2.561970055103302002e-01
-1.099405050277709961e+00 1.466057586669921875e+01 3.462660014629364014e-01
1.694480031728744507e-01 1.620727539062500000e+01 -1.857686996459960938e+00
-5.636420249938964844e-01 1.454994201660156250e+01 7.357389926910400391e-01
-1.023422002792358398e+00 1.564382934570312500e+01 -1.785536050796508789e+00
-1.078969001770019531e+00 1.352306365966796875e+01 -1.368325948715209961e+00
1.054283022880554199e+00 1.511305999755859375e+01 -1.087877035140991211e+00
-1.257439017295837402e+00 1.293493652343750000e+01 -7.417010068893432617e-01
-1.445163965225219727e+00 1.424605560302734375e+01 -4.171049892902374268e-01
8.933359980583190918e-01 1.358839416503906250e+01 1.028215050697326660e+00
-1.303659975528717041e-01 1.505432891845703125e+01 -1.996222019195556641e+00
6.819639801979064941e-01 1.504309082031250000e+01 -1.478755950927734375e+00
1.435670018196105957e+00 1.315444946289062500e+01 3.710500001907348633e-01
-7.720710039138793945e-01 1.440837860107421875e+01 -1.777044057846069336e+00
1.008839979767799377e-01 1.366405487060546875e+01 1.016427993774414062e+00
1.145226955413818359e+00 1.258618927001953125e+01 9.356560111045837402e-01
-6.426600366830825806e-02 1.409390258789062500e+01 -1.866086959838867188e+00
-1.326058030128479004e+00 1.314247131347656250e+01 -1.511210054159164429e-01
1.299533009529113770e+00 1.306553554534912109e+01 -3.605099916458129883e-01
-1.136679053306579590e+00 1.220786952972412109e+01 3.300899863243103027e-01
2.143730074167251587e-01 1.219515991210937500e+01 1.146090984344482422e+00
8.354660272598266602e-01 1.250445556640625000e+01 1.107869982719421387e+00
5.646830201148986816e-01 1.352356719970703125e+01 -1.388697028160095215e+00
-8.693850040435791016e-01 1.305330657958984375e+01 6.350039839744567871e-01
6.783999968320131302e-03 1.329490661621093750e+01 -1.796548962593078613e+00
-6.120349764823913574e-01 1.224901580810546875e+01 -1.568297982215881348e+00
1.060163021087646484e+00 1.313333129882812500e+01 -9.298530220985412598e-01
-1.221200942993164062e+00 1.166622161865234375e+01 9.114299714565277100e-02
1.501754045486450195e+00 1.184338378906250000e+01 1.194949969649314880e-01
1.557754993438720703e+00 1.072534179687500000e+01 7.329199910163879395e-01
-8.668010234832763672e-01 1.133351135253906250e+01 7.131689786911010742e-01
-3.455100059509277344e-01 1.173406219482421875e+01 1.018476009368896484e+00
1.751160025596618652e-01 1.137161254882812500e+01 -1.624407052993774414e+00
7.648119926452636719e-01 1.087597656250000000e+01 1.225008010864257812e+00
-8.478850126266479492e-01 1.110715484619140625e+01 -1.095945000648498535e+00
1.614053010940551758e+00 1.073687744140625000e+01 3.028810024261474609e-01
1.153329968452453613e+00 1.086503601074218750e+01 1.075909018516540527e+00
3.130269944667816162e-01 1.068402099609375000e+01 1.237439990043640137e+00
9.089990258216857910e-01 1.168212127685546875e+01 -1.144111990928649902e+00
1.432402968406677246e+00 8.552154541015625000e+00 -2.138479948043823242e-01
-1.094254970550537109e+00 9.403762817382812500e+00 -1.109220013022422791e-01
-1.019417047500610352e+00 9.273757934570312500e+00 4.651600122451782227e-01
9.939870238304138184e-01 9.312248229980468750e+00 1.248633980751037598e+00
-4.214769899845123291e-01 1.034209442138671875e+01 -1.255414962768554688e+00
1.080852985382080078e+00 9.176925659179687500e+00 -1.000282049179077148e+00
-7.473220229148864746e-01 9.343345642089843750e+00 -7.898030281066894531e-01
1.744307994842529297e+00 9.128364562988281250e+00 3.773039877414703369e-01
1.478014945983886719e+00 8.413452148437500000e+00 1.111330032348632812e+00
1.352930068969726562e-01 9.445228576660156250e+00 1.251235961914062500e+00
-7.335039973258972168e-01 9.308219909667968750e+00 8.549270033836364746e-01
2.629800140857696533e-01 1.024327087402343750e+01 -1.560181021690368652e+00
1.003756999969482422e+00 1.048781585693359375e+01 -1.092870950698852539e+00
1.772493004798889160e+00 8.642677307128906250e+00 6.941760182380676270e-01
4.925960004329681396e-01 9.267578125000000000e+00 -1.379654049873352051e+00
6.099479794502258301e-01 8.349777221679687500e+00 -1.359416961669921875e+00
-9.293580055236816406e-01 7.041709899902343750e+00 3.732660114765167236e-01
-3.289799988269805908e-01 8.637481689453125000e+00 -9.775810241699218750e-01
1.164754033088684082e+00 8.086471557617187500e+00 -9.996550083160400391e-01
-9.182080030441284180e-01 7.888320922851562500e+00 -2.612249851226806641e-01
1.886767983436584473e+00 7.656035900115966797e+00 4.135720133781433105e-01
-6.941660046577453613e-01 6.847159862518310547e+00 7.549819946289062500e-01
8.248280286788940430e-01 6.253386974334716797e+00 1.311488986015319824e+00
-4.932790100574493408e-01 7.140991210937500000e+00 -6.786580085754394531e-01
-2.611039876937866211e-01 8.154052734375000000e+00 1.093997955322265625e+00
1.848389983177185059e+00 6.043762207031250000e+00 8.982030153274536133e-01
1.201707005500793457e+00 6.426514148712158203e+00 -1.126814007759094238e+00
1.850620061159133911e-01 6.337502002716064453e+00 1.205163955688476562e+00
1.532083034515380859e+00 6.282149791717529297e+00 1.175768017768859863e+00
-1.504980027675628662e-01 6.464972972869873047e+00 -8.335019946098327637e-01
8.586210012435913086e-01 6.991013050079345703e+00 -1.306089043617248535e+00
5.112239718437194824e-01 6.697945117950439453e+00 -1.159883022308349609e+00
1.956117033958435059e+00 6.037865161895751953e+00 3.954930007457733154e-01
-6.807109713554382324e-01 5.830970764160156250e+00 -3.581579923629760742e-01
1.715705037117004395e+00 6.107429981231689453e+00 -2.886600047349929810e-02
1.355319023132324219e+00 5.188811779022216797e+00 -1.137951016426086426e+00
1.737208008766174316e+00 4.455315113067626953e+00 1.056246042251586914e+00
7.641729712486267090e-01 4.439017772674560547e+00 1.255494952201843262e+00
-7.828739881515502930e-01 5.254761219024658203e+00 -1.990900002419948578e-02
-6.781290173530578613e-01 4.327849864959716797e+00 4.200190007686614990e-01
2.087548971176147461e+00 4.076630115509033203e+00 2.999320030212402344e-01
9.238520264625549316e-01 4.658652782440185547e+00 -1.348811984062194824e+00
-2.821309864521026611e-01 5.530670166015625000e+00 9.726139903068542480e-01
1.663748979568481445e+00 3.839828014373779297e+00 -5.410159826278686523e-01
2.129331111907958984e+00 3.357445001602172852e+00 6.341500282287597656e-01
1.504848957061767578e+00 3.258011102676391602e+00 1.203315973281860352e+00
5.610389709472656250e-01 3.598479986190795898e+00 -1.105723977088928223e+00
-3.559269905090332031e-01 4.781609058380126953e+00 -6.069530248641967773e-01
-3.388580083847045898e-01 3.613609075546264648e+00 7.999969720840454102e-01
1.543290972709655762e+00 3.464478015899658203e+00 -1.155843973159790039e+00
1.759479939937591553e-01 2.883080005645751953e+00 1.030022025108337402e+00
1.959709048271179199e+00 2.489409923553466797e+00 9.646000266075134277e-01
1.952899992465972900e-02 3.355140924453735352e+00 -8.303449749946594238e-01
8.075219988822937012e-01 3.151344060897827148e+00 1.192065954208374023e+00
-5.353329777717590332e-01 2.560188055038452148e+00 -1.084460020065307617e-01
-1.247529983520507812e-01 1.333014965057373047e+00 7.304250001907348633e-01
-9.701099991798400879e-02 1.988662958145141602e+00 -7.264519929885864258e-01
1.187394022941589355e+00 2.935576915740966797e+00 -1.380365014076232910e+00
9.610199928283691406e-01 2.549324035644531250e+00 -1.366830945014953613e+00
-3.248130083084106445e-01 8.354340195655822754e-01 2.911489903926849365e-01
-5.333759784698486328e-01 2.605742931365966797e+00 3.308730125427246094e-01
1.510790944099426270e+00 1.751250982284545898e+00 1.205266952514648438e+00
1.636222958564758301e+00 2.183326959609985352e+00 -1.187466025352478027e+00
2.295483112335205078e+00 2.059761047363281250e+00 2.686290144920349121e-01
2.401710033416748047e+00 8.537600040435791016e-01 4.476619958877563477e-01
-1.335439980030059814e-01 8.391039967536926270e-01 -6.517050266265869141e-01
8.841549754142761230e-01 9.418950080871582031e-01 1.119168996810913086e+00
4.829939901828765869e-01 1.572600960731506348e+00 -1.130475997924804688e+00
1.740178942680358887e+00 1.298187017440795898e+00 -1.028738021850585938e+00
3.189480006694793701e-01 4.055100083351135254e-01 9.203010201454162598e-01
2.269781112670898438e+00 -5.144199728965759277e-01 8.622000217437744141e-01
1.854421019554138184e+00 2.302629947662353516e-01 1.114881992340087891e+00
1.343155026435852051e+00 1.039214968681335449e+00 -1.436118960380554199e+00
-1.587650030851364136e-01 -9.775620102882385254e-01 -4.603790044784545898e-01
9.428930282592773438e-01 -5.142819881439208984e-01 -1.483441948890686035e+00
2.100639104843139648e+00 -8.293079733848571777e-01 -7.881510257720947266e-01
1.107504010200500488e+00 3.789440095424652100e-01 -1.514526009559631348e+00
4.514729976654052734e-01 -6.295850276947021484e-01 -1.245234966278076172e+00
1.859313011169433594e+00 -6.074910163879394531e-01 -1.294219970703125000e+00
1.184937953948974609e+00 -5.011060237884521484e-01 1.127208948135375977e+00
1.989251971244812012e+00 -1.667000055313110352e+00 1.055006027221679688e+00
-1.479640007019042969e-01 -1.292351007461547852e+00 2.390269935131072998e-01
7.167639732360839844e-01 -5.602650046348571777e-01 -1.390046954154968262e+00
2.510118007659912109e+00 -1.098152041435241699e+00 -1.919769942760467529e-01
2.015340030193328857e-01 -1.499984979629516602e+00 7.065939903259277344e-01
1.661043047904968262e+00 -5.458909869194030762e-01 -1.413202047348022461e+00
-3.739099949598312378e-02 -8.356090188026428223e-01 -7.710819840431213379e-01
6.767820119857788086e-01 -1.619887948036193848e+00 9.757959842681884766e-01
2.542448043823242188e+00 -1.450484991073608398e+00 5.842970013618469238e-01
2.313919067382812500e+00 -1.577041983604431152e+00 8.635879755020141602e-01
1.349987983703613281e+00 -4.802550077438354492e-01 -1.550763964653015137e+00
9.831780195236206055e-01 -1.665276050567626953e+00 1.057973980903625488e+00
