3.564234972000122070e+00 2.631906127929687500e+01 7.079610228538513184e-01
3.377613067626953125e+00 2.619002532958984375e+01 1.058805942535400391e+00
3.862355947494506836e+00 2.587241363525390625e+01 1.075556039810180664e+00
4.240686893463134766e+00 2.622181701660156250e+01 4.009399935603141785e-02
3.288719892501831055e+00 2.622739410400390625e+01 -7.609499990940093994e-02
2.608172893524169922e+00 2.602947235107421875e+01 6.242809891700744629e-01
3.918464899063110352e+00 2.605231475830078125e+01 3.691569864749908447e-01
3.154512882232666016e+00 2.606463623046875000e+01 4.586229920387268066e-01
4.635529041290283203e+00 2.554378509521484375e+01 1.368234992027282715e+00
3.179730892181396484e+00 2.579946899414062500e+01 1.235295057296752930e+00
2.926927089691162109e+00 2.579312133789062500e+01 1.465546965599060059e+00
4.047431945800781250e+00 2.575521850585937500e+01 1.495082974433898926e+00
4.143805980682373047e+00 2.604502105712890625e+01 -7.466850280761718750e-01
3.306688070297241211e+00 2.607266998291015625e+01 -7.277699708938598633e-01
3.968348979949951172e+00 2.610353851318359375e+01 -3.981159925460815430e-01
4.556656837463378906e+00 2.602330780029296875e+01 -2.321310043334960938e-01
4.623590946197509766e+00 2.589418029785156250e+01 1.846829950809478760e-01
5.001008987426757812e+00 2.579586791992187500e+01 4.640519917011260986e-01
2.303761005401611328e+00 2.578865051269531250e+01 6.306520104408264160e-01
2.293009042739868164e+00 2.558047485351562500e+01 1.369281053543090820e+00
3.041743040084838867e+00 2.543327331542968750e+01 1.764376997947692871e+00
4.099553108215332031e+00 2.528973388671875000e+01 1.901314020156860352e+00
1.859671950340270996e+00 2.567622375488281250e+01 -1.168930009007453918e-01
2.433650970458984375e+00 2.589856719970703125e+01 1.471399981528520584e-02
5.241988182067871094e+00 2.558580017089843750e+01 -2.474749982357025146e-01
5.204205989837646484e+00 2.513720703125000000e+01 1.319386959075927734e+00
1.961511969566345215e+00 2.535437011718750000e+01 1.232228040695190430e+00
2.357215881347656250e+00 2.510903167724609375e+01 1.870082974433898926e+00
4.049832820892333984e+00 2.433161163330078125e+01 2.468185901641845703e+00
3.269462108612060547e+00 2.461583709716796875e+01 2.442894935607910156e+00
3.743587017059326172e+00 2.567485809326171875e+01 -1.498121023178100586e+00
2.768085956573486328e+00 2.581124114990234375e+01 -9.517509937286376953e-01
4.748272895812988281e+00 2.556918334960937500e+01 -1.039011955261230469e+00
1.592478990554809570e+00 2.535820770263671875e+01 5.084249973297119141e-01
5.649284839630126953e+00 2.512267303466796875e+01 4.590510129928588867e-01
5.532700061798095703e+00 2.459864044189453125e+01 1.256093978881835938e+00
2.406138896942138672e+00 2.532746124267578125e+01 -1.355425000190734863e+00
1.797703981399536133e+00 2.539826965332031250e+01 -7.932490110397338867e-01
8.737959861755371094e-01 2.467813873291015625e+01 5.418530106544494629e-01
4.907814025878906250e+00 2.474669647216796875e+01 1.891244053840637207e+00
2.625950098037719727e+00 2.425205230712890625e+01 2.306463956832885742e+00
2.280409097671508789e+00 2.432508087158203125e+01 2.180612087249755859e+00
2.360188007354736328e+00 2.428047180175781250e+01 2.734045028686523438e+00
2.817142009735107422e+00 2.433436584472656250e+01 2.733683109283447266e+00
3.904694080352783203e+00 2.499618530273437500e+01 -1.982529997825622559e+00
1.502604007720947266e+00 2.523792266845703125e+01 -6.936529874801635742e-01
1.022014021873474121e+00 2.429020690917968750e+01 1.135143995285034180e+00
1.757727980613708496e+00 2.414327239990234375e+01 1.822368025779724121e+00
5.401544094085693359e+00 2.403671264648437500e+01 1.695791006088256836e+00
4.819686889648437500e+00 2.374311065673828125e+01 2.255352020263671875e+00
2.229396104812622070e+00 2.401638031005859375e+01 2.113903045654296875e+00
3.819107055664062500e+00 2.360843658447265625e+01 2.550666093826293945e+00
2.605041980743408203e+00 2.392336273193359375e+01 2.616285085678100586e+00
4.603279113769531250e+00 2.496786499023437500e+01 -1.745321035385131836e+00
5.226708889007568359e+00 2.444285583496093750e+01 -1.546257972717285156e+00
5.522538185119628906e+00 2.483289337158203125e+01 -8.998579978942871094e-01
2.093203067779541016e+00 2.430361175537109375e+01 -1.528278946876525879e+00
5.864469051361083984e+00 2.465827941894531250e+01 -4.484669864177703857e-01
6.193129062652587891e+00 2.369432830810546875e+01 -2.055920064449310303e-01
6.007680892944335938e+00 2.344149780273437500e+01 6.263960003852844238e-01
5.875805854797363281e+00 2.317445373535156250e+01 8.629980087280273438e-01
2.594597101211547852e+00 2.391990661621093750e+01 2.320995092391967773e+00
2.790533065795898438e+00 2.476139831542968750e+01 -1.984351992607116699e+00
1.985983967781066895e+00 2.372377777099609375e+01 -1.859045028686523438e+00
1.042181968688964844e+00 2.364598846435546875e+01 1.467700004577636719e+00
5.906288146972656250e+00 2.375685882568359375e+01 -8.713260293006896973e-01
6.743659973144531250e-01 2.386106872558593750e+01 3.182910084724426270e-01
6.059979796409606934e-01 2.290470123291015625e+01 7.330870032310485840e-01
5.632195949554443359e+00 2.277719879150390625e+01 1.122323989868164062e+00
1.616451025009155273e+00 2.325397491455078125e+01 1.851490020751953125e+00
1.547284960746765137e+00 2.427194976806640625e+01 -9.540169835090637207e-01
5.140689849853515625e+00 2.286833190917968750e+01 1.773154020309448242e+00
2.830132007598876953e+00 2.300705718994140625e+01 2.309591054916381836e+00
-1.259734988212585449e+00 2.446771240234375000e+01 -2.387950897216796875e+00
-1.762509942054748535e+00 2.434017944335937500e+01 -2.143665075302124023e+00
-8.451600074768066406e-01 2.406287384033203125e+01 -2.232546091079711914e+00
4.340219020843505859e+00 2.413544464111328125e+01 -2.170391082763671875e+00
3.211822986602783203e+00 2.419812774658203125e+01 -2.329526901245117188e+00
-1.753190040588378906e+00 2.418194580078125000e+01 -1.550026059150695801e+00
-8.474479913711547852e-01 2.399976348876953125e+01 -1.862862944602966309e+00
-1.329427957534790039e+00 2.406196594238281250e+01 -1.087250947952270508e+00
-1.450294017791748047e+00 2.369465637207031250e+01 -7.240350246429443359e-01
1.043305993080139160e+00 2.419397735595703125e+01 -4.300529956817626953e-01
5.263839960098266602e-01 2.357936859130859375e+01 -1.010107994079589844e+00
6.088849067687988281e+00 2.322354888916015625e+01 3.024099953472614288e-02
1.208274006843566895e+00 2.274929809570312500e+01 1.480666995048522949e+00
4.388724803924560547e+00 2.265668487548828125e+01 2.151937007904052734e+00
-8.748450279235839844e-01 2.439385986328125000e+01 -3.127939939498901367e+00
-1.237452983856201172e+00 2.431697845458984375e+01 -2.744368076324462891e+00
-4.762580096721649170e-01 2.424989318847656250e+01 -2.736363887786865234e+00
5.227985858917236328e+00 2.364473724365234375e+01 -1.740203976631164551e+00
1.309831023216247559e+00 2.364919281005859375e+01 -1.477969050407409668e+00
-1.090551018714904785e+00 2.377777099609375000e+01 -1.053277015686035156e+00
-8.378180265426635742e-01 2.372372436523437500e+01 -7.297800183296203613e-01
3.741799890995025635e-01 2.362610626220703125e+01 -2.337879985570907593e-01
1.189579963684082031e-01 2.361299133300781250e+01 -5.345529913902282715e-01
-9.028570055961608887e-01 2.335050201416015625e+01 -4.173119962215423584e-01
-7.440000190399587154e-04 2.325407409667968750e+01 1.946100033819675446e-02
2.233078956604003906e+00 2.231452178955078125e+01 1.781226038932800293e+00
3.640398979187011719e+00 2.230431365966796875e+01 2.123337984085083008e+00
-1.913249939680099487e-01 2.400843048095703125e+01 -3.554469108581542969e+00
-2.134454965591430664e+00 2.409326171875000000e+01 -2.729046106338500977e+00
-2.480093002319335938e+00 2.361023712158203125e+01 -2.379981994628906250e+00
-4.755020141601562500e-01 2.333251190185546875e+01 -2.606014966964721680e+00
2.954818964004516602e+00 2.330111694335937500e+01 -2.227504014968872070e+00
-6.914359927177429199e-01 2.358194732666015625e+01 -1.411095976829528809e+00
-2.153877019882202148e+00 2.354034423828125000e+01 -1.247926950454711914e+00
-2.743300050497055054e-02 2.351058197021484375e+01 -9.955790042877197266e-01
-5.247979760169982910e-01 2.343909454345703125e+01 -7.797740101814270020e-01
-1.958166003227233887e+00 2.324066925048828125e+01 -7.381989955902099609e-01
-1.406236052513122559e+00 2.310071563720703125e+01 -3.110289871692657471e-01
8.354610204696655273e-01 2.246270751953125000e+01 8.350319862365722656e-01
-9.402899742126464844e-01 2.404725646972656250e+01 -3.646953105926513672e+00
-5.878009796142578125e-01 2.335491180419921875e+01 -4.176562786102294922e+00
1.393000013194978237e-03 2.344735717773437500e+01 -3.310410022735595703e+00
3.739679098129272461e+00 2.327158355712890625e+01 -2.295654058456420898e+00
4.316771984100341797e+00 2.301254272460937500e+01 -2.110304117202758789e+00
2.362128019332885742e+00 2.339002990722656250e+01 -2.079523086547851562e+00
-4.109430015087127686e-01 2.315190887451171875e+01 -1.771242976188659668e+00
-1.191426038742065430e+00 2.250600433349609375e+01 1.494439989328384399e-01
-1.443320065736770630e-01 2.271228027343750000e+01 2.479760050773620605e-01
-1.809985041618347168e+00 2.358921813964843750e+01 -3.381210088729858398e+00
-2.618676900863647461e+00 2.331912231445312500e+01 -2.126626014709472656e+00
2.361516952514648438e+00 2.277953338623046875e+01 -2.076606988906860352e+00
5.592217922210693359e+00 2.261279296875000000e+01 -1.151625037193298340e+00
-2.558456897735595703e+00 2.278772735595703125e+01 -1.082618951797485352e+00
5.552505970001220703e+00 2.210786437988281250e+01 2.976779937744140625e-01
2.740499973297119141e-01 2.201265716552734375e+01 3.543669879436492920e-01
2.743880987167358398e+00 2.191217041015625000e+01 1.638002991676330566e+00
-5.834599956870079041e-02 2.312226104736328125e+01 -3.830687999725341797e+00
-1.947530061006546021e-01 2.262613677978515625e+01 -3.403466939926147461e+00
9.321039915084838867e-01 2.286174774169921875e+01 -2.056799888610839844e+00
-2.745589017868041992e+00 2.274308013916015625e+01 -1.494619965553283691e+00
3.887290060520172119e-01 2.333235168457031250e+01 -1.446305036544799805e+00
5.740759849548339844e+00 2.272845458984375000e+01 -6.747990250587463379e-01
-3.692040145397186279e-01 2.169413757324218750e+01 2.481250017881393433e-01
1.381557941436767578e+00 2.189207458496093750e+01 7.614250183105468750e-01
4.862726211547851562e+00 2.208688354492187500e+01 1.520712018013000488e+00
4.023840904235839844e+00 2.193451690673828125e+01 1.749696016311645508e+00
-9.373880028724670410e-01 2.300789642333984375e+01 -4.234797954559326172e+00
-3.854019939899444580e-01 2.246762847900390625e+01 -3.054651021957397461e+00
-3.130561113357543945e+00 2.187906646728515625e+01 -2.206048011779785156e+00
-1.634930074214935303e-01 2.246527099609375000e+01 -2.214992046356201172e+00
3.399805068969726562e+00 2.276696777343750000e+01 -1.820767998695373535e+00
4.181601047515869141e+00 2.273880767822265625e+01 -1.852674961090087891e+00
4.799092769622802734e+00 2.271272277832031250e+01 -1.774397969245910645e+00
3.449223995208740234e+00 2.239868164062500000e+01 -1.534088969230651855e+00
3.936458110809326172e+00 2.273633575439453125e+01 -1.589375019073486328e+00
4.042307853698730469e+00 2.242755126953125000e+01 -1.423364996910095215e+00
5.020930767059326172e+00 2.213488006591796875e+01 -1.566663980484008789e+00
-2.405987024307250977e+00 2.198572540283203125e+01 -1.066055059432983398e+00
-1.549661993980407715e+00 2.282170104980468750e+01 -4.023532867431640625e+00
-1.904477953910827637e+00 2.302163696289062500e+01 -3.742259979248046875e+00
-1.137309968471527100e-01 2.212063598632812500e+01 -2.775676965713500977e+00
2.809927940368652344e+00 2.194826507568359375e+01 -1.686655044555664062e+00
4.580842971801757812e+00 2.242255401611328125e+01 -1.576154947280883789e+00
-3.079087972640991211e+00 2.194682312011718750e+01 -1.606263041496276855e+00
4.103875160217285156e+00 2.231779479980468750e+01 -1.039801001548767090e+00
4.586987018585205078e+00 2.205440521240234375e+01 -1.096672058105468750e+00
5.118694782257080078e+00 2.212097930908203125e+01 -1.142179012298583984e+00
5.581085205078125000e+00 2.220264434814453125e+01 -4.009140133857727051e-01
-2.095401048660278320e+00 2.194181060791015625e+01 -6.363589763641357422e-01
5.192025184631347656e+00 2.193108367919921875e+01 7.635970115661621094e-01
1.099257946014404297e+00 2.095016479492187500e+01 2.537460029125213623e-01
4.414982795715332031e+00 2.156664276123046875e+01 1.138123035430908203e+00
-3.307340145111083984e-01 2.224593353271484375e+01 -3.977447032928466797e+00
-2.262912034988403320e+00 2.211134338378906250e+01 -3.558161020278930664e+00
-2.520390987396240234e+00 2.258075714111328125e+01 -3.228853940963745117e+00
1.014606952667236328e+00 2.198563385009765625e+01 -2.424902915954589844e+00
3.773344993591308594e+00 2.199725341796875000e+01 -9.377229809761047363e-01
3.814636945724487305e+00 2.159826660156250000e+01 -3.850199878215789795e-01
4.208293914794921875e+00 2.190397644042968750e+01 -4.128749966621398926e-01
4.886538982391357422e+00 2.174023437500000000e+01 -8.301929831504821777e-01
-1.679823994636535645e+00 2.182049560546875000e+01 -2.926290035247802734e-01
4.708302021026611328e+00 2.160137176513671875e+01 -4.390439987182617188e-01
1.957062005996704102e+00 2.153955841064453125e+01 6.484400033950805664e-01
2.517122983932495117e+00 2.139176940917968750e+01 5.471429824829101562e-01
3.042205095291137695e+00 2.138539886474609375e+01 4.204699993133544922e-01
3.548984050750732422e+00 2.141398620605468750e+01 1.190233945846557617e+00
3.602404117584228516e+00 2.124790191650390625e+01 6.424490213394165039e-01
-4.179399833083152771e-02 2.209270477294921875e+01 -3.179594993591308594e+00
-2.938235998153686523e+00 2.194689941406250000e+01 -2.645812988281250000e+00
1.524608016014099121e+00 2.142960357666015625e+01 -2.331382036209106445e+00
3.226157903671264648e+00 2.174156188964843750e+01 -1.279494047164916992e+00
3.495434045791625977e+00 2.149418640136718750e+01 -8.940099924802780151e-02
4.841677188873291016e+00 2.145294189453125000e+01 7.348000258207321167e-02
4.288733005523681641e+00 2.128104400634765625e+01 6.045789718627929688e-01
-2.576091051101684570e+00 2.194923400878906250e+01 -3.281563997268676758e+00
2.640169858932495117e-01 2.201028442382812500e+01 -2.671622991561889648e+00
7.335619926452636719e-01 2.146203613281250000e+01 -2.807642936706542969e+00
2.112669944763183594e+00 2.083742523193359375e+01 -2.125668048858642578e+00
-3.184403896331787109e+00 2.077563476562500000e+01 -1.842218995094299316e+00
2.955647945404052734e+00 2.105329895019531250e+01 -8.304569721221923828e-01
-1.351547002792358398e+00 2.087040710449218750e+01 -5.034360289573669434e-01
2.884327888488769531e+00 2.111285400390625000e+01 -1.622209995985031128e-01
-2.302964925765991211e+00 2.093749237060546875e+01 -7.843710184097290039e-01
1.874183058738708496e+00 2.002168273925781250e+01 -4.407919943332672119e-01
-6.548249721527099609e-01 2.129619598388671875e+01 -4.211309909820556641e+00
-2.567625999450683594e+00 2.141536712646484375e+01 -3.094805002212524414e+00
-2.911504983901977539e+00 2.120286560058593750e+01 -1.410645961761474609e+00
2.772567987442016602e+00 2.093173980712890625e+01 -1.518172025680541992e+00
2.437303066253662109e+00 2.051527404785156250e+01 -4.343500137329101562e-01
1.469331979751586914e+00 2.024638366699218750e+01 2.697700075805187225e-02
1.350090056657791138e-01 2.059799957275390625e+01 -4.115921020507812500e+00
4.062649905681610107e-01 2.101652526855468750e+01 -3.770087003707885742e+00
-1.503610014915466309e+00 2.105432891845703125e+01 -3.987559080123901367e+00
8.043609857559204102e-01 2.052285003662109375e+01 -3.241153001785278320e+00
-2.884619951248168945e+00 2.033995056152343750e+01 -2.890372991561889648e+00
-3.039434909820556641e+00 2.068991851806640625e+01 -1.271219015121459961e+00
-2.628906011581420898e+00 2.073913574218750000e+01 -8.672990202903747559e-01
5.124170184135437012e-01 1.983420562744140625e+01 8.834499865770339966e-02
-2.356024980545043945e+00 2.031275939941406250e+01 -3.354785919189453125e+00
1.538887023925781250e+00 1.978925323486328125e+01 -3.106703996658325195e+00
-1.800658941268920898e+00 1.929365539550781250e+01 -8.789280056953430176e-01
-4.683099985122680664e-01 1.950576782226562500e+01 -4.156520068645477295e-01
2.481317996978759766e+00 1.985466766357421875e+01 -1.797497987747192383e+00
-2.981115102767944336e+00 1.995372772216796875e+01 -1.499629020690917969e+00
-2.439613103866577148e+00 1.996764373779296875e+01 -8.843690156936645508e-01
8.928620219230651855e-01 1.846593475341796875e+01 -1.361500006169080734e-02
1.115399971604347229e-02 1.956295776367187500e+01 -3.936626911163330078e+00
2.221812963485717773e+00 1.965557861328125000e+01 -1.277338027954101562e+00
-1.182500004768371582e+00 1.930429077148437500e+01 -6.497750282287597656e-01
-1.135709047317504883e+00 2.010158538818359375e+01 -3.781080007553100586e+00
7.921400070190429688e-01 1.999872589111328125e+01 -3.780998945236206055e+00
2.146121978759765625e+00 1.956943511962890625e+01 -2.766155004501342773e+00
-3.048918962478637695e+00 2.021307373046875000e+01 -2.370795965194702148e+00
-2.535310029983520508e+00 1.951708984375000000e+01 -1.951009988784790039e+00
1.621222019195556641e+00 1.901496887207031250e+01 -4.869129955768585205e-01
-1.494385957717895508e+00 1.951519012451171875e+01 -3.468991994857788086e+00
-2.168581962585449219e+00 1.939243316650390625e+01 -2.810946941375732422e+00
-2.362425088882446289e+00 1.951968383789062500e+01 -1.236382961273193359e+00
-2.026374101638793945e+00 1.894142150878906250e+01 -1.349764943122863770e+00
2.163825988769531250e+00 1.804527282714843750e+01 -2.202661037445068359e+00
1.260014057159423828e+00 1.840664672851562500e+01 -3.320159912109375000e-01
7.628700137138366699e-01 1.924754333496093750e+01 -3.855319976806640625e+00
-2.120434045791625977e+00 1.906997680664062500e+01 -2.506782054901123047e+00
2.523489952087402344e+00 1.892554473876953125e+01 -2.413789987564086914e+00
1.775400996208190918e+00 1.898796081542968750e+01 -1.256903052330017090e+00
-1.133146047592163086e+00 1.830584716796875000e+01 -6.749709844589233398e-01
1.538730025291442871e+00 1.832630920410156250e+01 -3.967721939086914062e+00
1.510704040527343750e+00 1.901392364501953125e+01 -3.815570116043090820e+00
-4.920910000801086426e-01 1.912888336181640625e+01 -3.759748935699462891e+00
1.685124039649963379e+00 1.804782104492187500e+01 -1.699012994766235352e+00
-1.626572966575622559e+00 1.780168151855468750e+01 -1.178007960319519043e+00
1.336843967437744141e+00 1.788663482666015625e+01 -1.126839041709899902e+00
1.989479959011077881e-01 1.806196594238281250e+01 -1.702969968318939209e-01
1.741137981414794922e+00 1.934261322021484375e+01 -3.420540094375610352e+00
2.192459106445312500e+00 1.926084899902343750e+01 -3.494997024536132812e+00
2.795579910278320312e+00 1.883711242675781250e+01 -2.913779973983764648e+00
-1.885434985160827637e+00 1.801753234863281250e+01 -1.847798943519592285e+00
-1.817466020584106445e+00 1.800054931640625000e+01 -2.382198095321655273e+00
2.514205932617187500e+00 1.873466491699218750e+01 -3.564065933227539062e+00
-7.926350235939025879e-01 1.816110229492187500e+01 -3.304399967193603516e+00
2.752760052680969238e-01 1.843339538574218750e+01 -3.684849977493286133e+00
-1.457726955413818359e+00 1.804496002197265625e+01 -2.866051912307739258e+00
2.958163022994995117e+00 1.803247833251953125e+01 -2.684127092361450195e+00
-8.233640193939208984e-01 1.726788330078125000e+01 -4.567149877548217773e-01
1.447080016136169434e+00 1.634545135498046875e+01 -7.114700078964233398e-01
1.107300043106079102e+00 1.680867004394531250e+01 -5.433899909257888794e-02
1.956462025642395020e+00 1.830252838134765625e+01 -4.035634994506835938e+00
2.591609954833984375e+00 1.751782989501953125e+01 -2.221220970153808594e+00
-1.186535000801086426e+00 1.626847839355468750e+01 -7.211359739303588867e-01
1.267532944679260254e+00 1.763714599609375000e+01 -3.716984987258911133e+00
1.439124941825866699e+00 1.674672698974609375e+01 -1.407490015029907227e+00
2.577013015747070312e+00 1.804129791259765625e+01 -3.756402015686035156e+00
2.008325099945068359e+00 1.722036743164062500e+01 -2.146826028823852539e+00
-1.556372046470642090e+00 1.589031982421875000e+01 -1.659397959709167480e+00
-2.939789891242980957e-01 1.653440856933593750e+01 -9.146399796009063721e-02
2.030889987945556641e+00 1.738933563232421875e+01 -3.709443092346191406e+00
1.175410002470016479e-01 1.747891998291015625e+01 -3.279728889465332031e+00
-1.308581948280334473e+00 1.521785736083984375e+01 -2.094923019409179688e+00
1.759678959846496582e+00 1.662217712402343750e+01 -2.268618106842041016e+00
2.498281002044677734e+00 1.731289672851562500e+01 -3.321302890777587891e+00
-1.321830034255981445e+00 1.649772644042968750e+01 -2.530910015106201172e+00
1.354486942291259766e+00 1.706536102294921875e+01 -3.368000030517578125e+00
1.992339015007019043e+00 1.696911621093750000e+01 -3.378010988235473633e+00
-6.485840082168579102e-01 1.652651977539062500e+01 -2.959157943725585938e+00
2.435853004455566406e+00 1.712886810302734375e+01 -2.296341896057128906e+00
1.451846003532409668e+00 1.528608703613281250e+01 -1.219097971916198730e+00
1.491518020629882812e+00 1.545740509033203125e+01 -2.877779901027679443e-01
1.251871943473815918e+00 1.497231292724609375e+01 1.671520024538040161e-01
8.824970126152038574e-01 1.657379913330078125e+01 -3.042984962463378906e+00
1.639281988143920898e+00 1.679389190673828125e+01 -3.085247993469238281e+00
-1.414031982421875000e+00 1.482880401611328125e+01 -1.162475943565368652e+00
3.937970101833343506e-01 1.514855194091796875e+01 3.119199872016906738e-01
1.476376056671142578e+00 1.610366821289062500e+01 -2.243129968643188477e+00
-7.524899840354919434e-01 1.495091247558593750e+01 -1.745720058679580688e-01
-2.127950042486190796e-01 1.570080566406250000e+01 -2.853930950164794922e+00
1.407488942146301270e+00 1.636441802978515625e+01 -2.737926959991455078e+00
1.435971021652221680e+00 1.536466979980468750e+01 -1.951205968856811523e+00
-8.590809702873229980e-01 1.436719512939453125e+01 -2.251775026321411133e+00
1.566280007362365723e+00 1.492259216308593750e+01 -1.641361951828002930e+00
1.616943955421447754e+00 1.442935180664062500e+01 -4.550229907035827637e-01
2.427780032157897949e-01 1.574532318115234375e+01 -2.775319099426269531e+00
-1.160462975502014160e+00 1.378455352783203125e+01 -6.563490033149719238e-01
9.709579944610595703e-01 1.284863281250000000e+01 6.957550048828125000e-01
-3.211230039596557617e-01 1.444949340820312500e+01 -2.478257894515991211e+00
1.172299981117248535e-01 1.454371643066406250e+01 -2.613948106765747070e+00
9.549300074577331543e-01 1.513409423828125000e+01 -2.430743932723999023e+00
1.482516050338745117e+00 1.293621063232421875e+01 -1.433544993400573730e+00
-3.849059939384460449e-01 1.372879791259765625e+01 3.172320127487182617e-01
3.843440115451812744e-01 1.280290985107421875e+01 7.306320071220397949e-01
1.459136962890625000e+00 1.297753906250000000e+01 4.006989896297454834e-01
8.194000124931335449e-01 1.364884185791015625e+01 -2.234280109405517578e+00
-6.827120184898376465e-01 1.286401367187500000e+01 2.008530050516128540e-01
-1.199548959732055664e+00 1.302726745605468750e+01 -1.348124027252197266e+00
1.380090951919555664e+00 1.152051544189453125e+01 8.486880064010620117e-01
1.299427032470703125e+00 1.420988464355468750e+01 -2.028063058853149414e+00
-8.049569725990295410e-01 1.157526397705078125e+01 2.231200039386749268e-02
1.857208967208862305e+00 1.170010375976562500e+01 1.798429936170578003e-01
3.363260030746459961e-01 1.304121398925781250e+01 -2.580773115158081055e+00
-1.064869046211242676e+00 1.219353485107421875e+01 -9.297029972076416016e-01
-3.405390083789825439e-01 1.142330932617187500e+01 6.377689838409423828e-01
1.731785058975219727e+00 1.287388610839843750e+01 -5.757619738578796387e-01
1.669700071215629578e-02 1.126869964599609375e+01 9.052979946136474609e-01
-7.821249961853027344e-01 1.267816162109375000e+01 -1.884961009025573730e+00
1.863387942314147949e+00 1.073106384277343750e+01 -8.801370263099670410e-01
1.387714982032775879e+00 1.298809146881103516e+01 -1.860965013504028320e+00
6.544569730758666992e-01 1.138774871826171875e+01 1.087689995765686035e+00
1.245790004730224609e+00 1.144900512695312500e+01 -1.803683996200561523e+00
-5.793349742889404297e-01 1.077668762207031250e+01 -1.263908982276916504e+00
5.593420267105102539e-01 1.149949645996093750e+01 -2.145436048507690430e+00
2.066120058298110962e-01 1.135335540771484375e+01 -2.128220081329345703e+00
-8.508639931678771973e-01 1.080120754241943359e+01 -5.249069929122924805e-01
2.048856019973754883e+00 1.058618927001953125e+01 -4.711540043354034424e-01
-2.112729996442794800e-01 1.087542724609375000e+01 -1.709835052490234375e+00
1.923107981681823730e+00 1.054545593261718750e+01 6.643310189247131348e-01
1.323503017425537109e+00 8.606964111328125000e+00 1.480762004852294922e+00
-6.041569709777832031e-01 9.489418029785156250e+00 1.559200044721364975e-02
-8.223400264978408813e-02 9.599189758300781250e+00 1.018952965736389160e+00
9.297689795494079590e-01 9.474555969238281250e+00 -1.960489034652709961e+00
1.443125963211059570e+00 1.019155120849609375e+01 -1.599253058433532715e+00
2.322962999343872070e+00 8.976585388183593750e+00 3.537380099296569824e-01
1.949128031730651855e+00 8.913124084472656250e+00 1.126363039016723633e+00
6.599119901657104492e-01 8.128540039062500000e+00 1.503926992416381836e+00
2.319680929183959961e+00 8.359207153320312500e+00 -3.499889969825744629e-01
2.779049873352050781e-01 9.417816162109375000e+00 -1.505151987075805664e+00
-3.384670019149780273e-01 8.678512573242187500e+00 6.395789980888366699e-01
2.323515892028808594e+00 8.482460021972656250e+00 9.002320170402526855e-01
-2.057700008153915405e-01 7.252120971679687500e+00 -9.313800185918807983e-02
1.558596014976501465e+00 8.679664611816406250e+00 -1.704162955284118652e+00
-4.091010093688964844e-01 9.130111694335937500e+00 -7.980499863624572754e-01
-1.609639972448348999e-01 6.650283813476562500e+00 5.893989801406860352e-01
1.563099958002567291e-02 7.193405151367187500e+00 1.140496969223022461e+00
1.065873980522155762e+00 8.688453674316406250e+00 -1.733484983444213867e+00
2.397218942642211914e+00 7.162429809570312500e+00 1.201661944389343262e+00
2.228019982576370239e-01 7.741569995880126953e+00 -8.998699784278869629e-01
-8.940000087022781372e-02 7.635910034179687500e+00 -5.076090097427368164e-01
2.767313003540039062e+00 6.107337951660156250e+00 7.265620231628417969e-01
2.747165918350219727e+00 6.051665782928466797e+00 1.804899983108043671e-02
1.780424952507019043e+00 6.015892028808593750e+00 1.656769990921020508e+00
1.812553048133850098e+00 7.547440052032470703e+00 -1.523537039756774902e+00
1.400686025619506836e+00 7.460723876953125000e+00 -1.568691968917846680e+00
9.840639829635620117e-01 5.666533946990966797e+00 1.630741000175476074e+00
7.511450052261352539e-01 6.323059082031250000e+00 -8.438820242881774902e-01
2.212835073471069336e+00 6.813605785369873047e+00 -9.980700016021728516e-01
1.381412982940673828e+00 6.131905078887939453e+00 -1.218372941017150879e+00
2.326066970825195312e+00 5.959442138671875000e+00 -1.585315942764282227e+00
4.146279990673065186e-01 5.711151123046875000e+00 -4.014840126037597656e-01
5.148990154266357422e-01 6.073769092559814453e+00 1.448951005935668945e+00
5.079640150070190430e-01 4.060356140136718750e+00 1.274984002113342285e+00
1.878839015960693359e+00 4.910889148712158203e+00 -1.540248990058898926e+00
2.720562934875488281e+00 4.677649974822998047e+00 -7.746930122375488281e-01
2.596828937530517578e+00 5.560431957244873047e+00 1.288293004035949707e+00
2.225078105926513672e+00 3.917548894882202148e+00 1.747117996215820312e+00
1.234557986259460449e+00 4.704467773437500000e+00 -8.346750140190124512e-01
3.132920980453491211e+00 4.311417102813720703e+00 4.297440052032470703e-01
2.099617958068847656e+00 4.956871032714843750e+00 -1.679568052291870117e+00
2.920340001583099365e-01 4.387725830078125000e+00 1.798360049724578857e-01
3.142960071563720703e+00 4.157616138458251953e+00 9.689480066299438477e-01
1.403779029846191406e+00 3.920424938201904297e+00 1.746948003768920898e+00
2.347559928894042969e-01 4.219902038574218750e+00 7.331190109252929688e-01
2.511946916580200195e+00 3.961776971817016602e+00 1.599725008010864258e+00
9.889590144157409668e-01 3.951812982559204102e+00 1.616168022155761719e+00
2.432451963424682617e+00 4.893494129180908203e+00 -1.467764019966125488e+00
1.680881977081298828e+00 4.821364879608154297e+00 -1.247971057891845703e+00
2.949697971343994141e+00 4.519966125488281250e+00 -2.497410029172897339e-01
4.680750072002410889e-01 4.487747192382812500e+00 -1.366540044546127319e-01
