2.882359921932220459e-01 1.852129995822906494e-01 1.545897006988525391e+00
2.573089897632598877e-01 9.730000048875808716e-03 1.185199975967407227e+00
2.894159853458404541e-01 1.286679953336715698e-01 1.506039977073669434e+00
2.842339873313903809e-01 2.128048896789550781e+00 1.438570976257324219e+00
2.844280004501342773e-01 2.032037019729614258e+00 1.550755977630615234e+00
2.883319854736328125e-01 1.378169953823089600e-01 1.535181999206542969e+00
2.524859905242919922e-01 2.117530107498168945e+00 1.632408976554870605e+00
2.252849936485290527e-01 2.109229087829589844e+00 1.626350045204162598e+00
2.342260032892227173e-01 1.921899989247322083e-02 1.185204029083251953e+00
2.530319988727569580e-01 2.222398042678833008e+00 1.515357017517089844e+00
2.617059946060180664e-01 7.187300175428390503e-02 1.628411054611206055e+00
2.842830121517181396e-01 2.104046106338500977e+00 1.522726058959960938e+00
2.214780002832412720e-01 1.928799971938133240e-02 1.403350949287414551e+00
2.353319972753524780e-01 -7.116000168025493622e-03 1.403347969055175781e+00
2.264759987592697144e-01 2.097269058227539062e+00 -1.624994993209838867e+00
2.619389891624450684e-01 1.719900034368038177e-02 -1.185199975967407227e+00
2.873249948024749756e-01 1.835709959268569946e-01 -1.538424968719482422e+00
2.894159853458404541e-01 1.286679953336715698e-01 -1.491968989372253418e+00
2.844269871711730957e-01 2.032037019729614258e+00 -1.536684989929199219e+00
2.865569889545440674e-01 1.353030055761337280e-01 -1.532873988151550293e+00
2.842339873313903809e-01 2.128048896789550781e+00 -1.424499988555908203e+00
2.326370030641555786e-01 1.917500048875808716e-02 -1.554574966430664062e+00
2.266750037670135498e-01 2.219245910644531250e+00 -1.511160969734191895e+00
2.530319988727569580e-01 2.221963882446289062e+00 -1.515357017517089844e+00
2.619310021400451660e-01 1.719900034368038177e-02 -1.403352975845336914e+00
2.842819988727569580e-01 2.104046106338500977e+00 -1.508654952049255371e+00
2.325839996337890625e-01 1.917899958789348602e-02 -1.403349995613098145e+00
2.375160008668899536e-01 -7.116000168025493622e-03 -1.403347969055175781e+00
2.255080044269561768e-01 2.208368062973022461e+00 1.555441021919250488e+00
2.254499942064285278e-01 2.187186956405639648e+00 1.598366975784301758e+00
2.660849988460540771e-01 2.170335054397583008e+00 1.564792037010192871e+00
2.266609966754913330e-01 2.202095985412597656e+00 -1.566455960273742676e+00
2.265360057353973389e-01 2.128565073013305664e+00 -1.619555950164794922e+00
2.508229911327362061e-01 2.210458993911743164e+00 -1.570652961730957031e+00
2.732430100440979004e-01 2.156694889068603516e+00 -1.547029018402099609e+00
2.257589995861053467e-01 5.256199836730957031e-02 -1.619992971420288086e+00
2.225449979305267334e-01 5.184499919414520264e-02 1.613612055778503418e+00
2.629159986972808838e-01 4.975799843668937683e-02 1.619629025459289551e+00
2.573089897632598877e-01 9.730000048875808716e-03 1.403352975845336914e+00
2.619400024414062500e-01 1.719900034368038177e-02 1.185199975967407227e+00
2.619319856166839600e-01 1.719900034368038177e-02 1.403352975845336914e+00
2.628520131111145020e-01 1.894499920308589935e-02 1.574049949645996094e+00
2.351250052452087402e-01 1.916999928653240204e-02 -1.185196042060852051e+00
2.219150066375732422e-01 1.919900067150592804e-02 1.567666053771972656e+00
2.573080062866210938e-01 9.730000048875808716e-03 -1.185199975967407227e+00
2.212540060281753540e-01 7.396700233221054077e-02 1.622392058372497559e+00
2.214059978723526001e-01 6.839700043201446533e-02 1.185220003128051758e+00
1.362940073013305664e-01 4.094599932432174683e-02 1.185199975967407227e+00
1.363109946250915527e-01 4.094599932432174683e-02 1.403352975845336914e+00
2.213249951601028442e-01 6.840199977159500122e-02 1.403372049331665039e+00
2.353319972753524780e-01 -7.116000168025493622e-03 1.185204982757568359e+00
1.416839957237243652e-01 2.059599943459033966e-02 1.185199975967407227e+00
1.416759938001632690e-01 2.059599943459033966e-02 1.403352975845336914e+00
2.224660068750381470e-01 7.389999926090240479e-02 -1.624567031860351562e+00
2.619250118732452393e-01 1.719900034368038177e-02 -1.558819055557250977e+00
2.573080062866210938e-01 9.730000048875808716e-03 -1.403352975845336914e+00
2.222909927368164062e-01 6.834799796342849731e-02 -1.185179948806762695e+00
1.362940073013305664e-01 4.094599932432174683e-02 -1.185199975967407227e+00
2.524850070476531982e-01 2.105637073516845703e+00 -1.629192948341369629e+00
2.617050111293792725e-01 7.187300175428390503e-02 -1.628805994987487793e+00
1.363109946250915527e-01 4.094599932432174683e-02 -1.403352975845336914e+00
2.223729938268661499e-01 6.834399700164794922e-02 -1.403331995010375977e+00
2.375160008668899536e-01 -7.116000168025493622e-03 -1.185204982757568359e+00
1.416839957237243652e-01 2.059599943459033966e-02 -1.185199975967407227e+00
1.416759938001632690e-01 2.059599943459033966e-02 -1.403352975845336914e+00
2.255460023880004883e-01 2.219743013381958008e+00 1.515311956405639648e+00
2.514910101890563965e-01 2.216667890548706055e+00 1.555485963821411133e+00
2.513099908828735352e-01 2.195485115051269531e+00 1.598412036895751953e+00
2.523309886455535889e-01 2.156939983367919922e+00 1.621085047721862793e+00
2.253649979829788208e-01 2.148638963699340820e+00 1.621041059494018555e+00
2.523790001869201660e-01 2.136933088302612305e+00 -1.623754978179931641e+00
2.522349953651428223e-01 2.187091112136840820e+00 -1.602530002593994141e+00
2.266270071268081665e-01 2.178724050521850586e+00 -1.598333001136779785e+00
2.611959874629974365e-01 2.980899997055530548e-02 -1.602435946464538574e+00
2.610329985618591309e-01 1.846599951386451721e-02 -1.578199028968811035e+00
2.606610059738159180e-01 5.055100098252296448e-02 -1.624233961105346680e+00
2.311899960041046143e-01 2.045300044119358063e-02 -1.573961973190307617e+00
2.297810018062591553e-01 2.900999970734119415e-02 -1.600208044052124023e+00
2.635459899902343750e-01 2.963100001215934753e-02 1.605255007743835449e+00
2.629930078983306885e-01 2.113199979066848755e-02 1.586747050285339355e+00
2.230899930000305176e-01 3.171499818563461304e-02 1.599238991737365723e+00
2.224889993667602539e-01 2.321900054812431335e-02 1.580731034278869629e+00
2.883319854736328125e-01 1.378169953823089600e-01 1.535181999206542969e+00
2.573089897632598877e-01 9.730000048875808716e-03 1.185199975967407227e+00
2.573089897632598877e-01 9.730000048875808716e-03 1.185199975967407227e+00
2.342260032892227173e-01 1.921899989247322083e-02 1.185204029083251953e+00
2.342260032892227173e-01 1.921899989247322083e-02 1.185204029083251953e+00
2.524859905242919922e-01 2.117530107498168945e+00 1.632408976554870605e+00
2.617059946060180664e-01 7.187300175428390503e-02 1.628411054611206055e+00
2.252849936485290527e-01 2.109229087829589844e+00 1.626350045204162598e+00
2.212540060281753540e-01 7.396700233221054077e-02 1.622392058372497559e+00
2.619389891624450684e-01 1.719900034368038177e-02 -1.185199975967407227e+00
2.619310021400451660e-01 1.719900034368038177e-02 -1.403352975845336914e+00
2.325839996337890625e-01 1.917899958789348602e-02 -1.403349995613098145e+00
2.325839996337890625e-01 1.917899958789348602e-02 -1.403349995613098145e+00
2.326370030641555786e-01 1.917500048875808716e-02 -1.554574966430664062e+00
2.375160008668899536e-01 -7.116000168025493622e-03 -1.403347969055175781e+00
2.375160008668899536e-01 -7.116000168025493622e-03 -1.403347969055175781e+00
2.573080062866210938e-01 9.730000048875808716e-03 -1.403352975845336914e+00
2.573080062866210938e-01 9.730000048875808716e-03 -1.403352975845336914e+00
2.573080062866210938e-01 9.730000048875808716e-03 -1.185199975967407227e+00
2.573080062866210938e-01 9.730000048875808716e-03 -1.185199975967407227e+00
2.351250052452087402e-01 1.916999928653240204e-02 -1.185196042060852051e+00
2.351250052452087402e-01 1.916999928653240204e-02 -1.185196042060852051e+00
2.222909927368164062e-01 6.834799796342849731e-02 -1.185179948806762695e+00
2.222909927368164062e-01 6.834799796342849731e-02 -1.185179948806762695e+00
2.255080044269561768e-01 2.208368062973022461e+00 1.555441021919250488e+00
2.254499942064285278e-01 2.187186956405639648e+00 1.598366975784301758e+00
2.255460023880004883e-01 2.219743013381958008e+00 1.515311956405639648e+00
2.266609966754913330e-01 2.202095985412597656e+00 -1.566455960273742676e+00
2.266750037670135498e-01 2.219245910644531250e+00 -1.511160969734191895e+00
2.265360057353973389e-01 2.128565073013305664e+00 -1.619555950164794922e+00
2.264759987592697144e-01 2.097269058227539062e+00 -1.624994993209838867e+00
2.617050111293792725e-01 7.187300175428390503e-02 -1.628805994987487793e+00
2.606610059738159180e-01 5.055100098252296448e-02 -1.624233961105346680e+00
2.619319856166839600e-01 1.719900034368038177e-02 1.403352975845336914e+00
2.628520131111145020e-01 1.894499920308589935e-02 1.574049949645996094e+00
2.353319972753524780e-01 -7.116000168025493622e-03 1.185204982757568359e+00
2.353319972753524780e-01 -7.116000168025493622e-03 1.185204982757568359e+00
1.416839957237243652e-01 2.059599943459033966e-02 1.185199975967407227e+00
1.416839957237243652e-01 2.059599943459033966e-02 1.185199975967407227e+00
1.362940073013305664e-01 4.094599932432174683e-02 1.185199975967407227e+00
1.362940073013305664e-01 4.094599932432174683e-02 1.185199975967407227e+00
1.363109946250915527e-01 4.094599932432174683e-02 1.403352975845336914e+00
1.363109946250915527e-01 4.094599932432174683e-02 1.403352975845336914e+00
2.224660068750381470e-01 7.389999926090240479e-02 -1.624567031860351562e+00
2.619250118732452393e-01 1.719900034368038177e-02 -1.558819055557250977e+00
1.363109946250915527e-01 4.094599932432174683e-02 -1.403352975845336914e+00
1.363109946250915527e-01 4.094599932432174683e-02 -1.403352975845336914e+00
1.416759938001632690e-01 2.059599943459033966e-02 -1.403352975845336914e+00
1.416759938001632690e-01 2.059599943459033966e-02 -1.403352975845336914e+00
1.362940073013305664e-01 4.094599932432174683e-02 -1.185199975967407227e+00
1.362940073013305664e-01 4.094599932432174683e-02 -1.185199975967407227e+00
2.514910101890563965e-01 2.216667890548706055e+00 1.555485963821411133e+00
2.513099908828735352e-01 2.195485115051269531e+00 1.598412036895751953e+00
2.523309886455535889e-01 2.156939983367919922e+00 1.621085047721862793e+00
2.523790001869201660e-01 2.136933088302612305e+00 -1.623754978179931641e+00
2.522349953651428223e-01 2.187091112136840820e+00 -1.602530002593994141e+00
2.611959874629974365e-01 2.980899997055530548e-02 -1.602435946464538574e+00
2.610329985618591309e-01 1.846599951386451721e-02 -1.578199028968811035e+00
2.257589995861053467e-01 5.256199836730957031e-02 -1.619992971420288086e+00
2.629930078983306885e-01 2.113199979066848755e-02 1.586747050285339355e+00
2.635459899902343750e-01 2.963100001215934753e-02 1.605255007743835449e+00
2.225449979305267334e-01 5.184499919414520264e-02 1.613612055778503418e+00
2.230899930000305176e-01 3.171499818563461304e-02 1.599238991737365723e+00
2.224889993667602539e-01 2.321900054812431335e-02 1.580731034278869629e+00
2.573089897632598877e-01 9.730000048875808716e-03 1.403352975845336914e+00
2.573089897632598877e-01 9.730000048875808716e-03 1.403352975845336914e+00
2.619400024414062500e-01 1.719900034368038177e-02 1.185199975967407227e+00
2.214780002832412720e-01 1.928799971938133240e-02 1.403350949287414551e+00
2.214780002832412720e-01 1.928799971938133240e-02 1.403350949287414551e+00
2.214780002832412720e-01 1.928799971938133240e-02 1.403350949287414551e+00
2.219150066375732422e-01 1.919900067150592804e-02 1.567666053771972656e+00
2.214059978723526001e-01 6.839700043201446533e-02 1.185220003128051758e+00
2.214059978723526001e-01 6.839700043201446533e-02 1.185220003128051758e+00
2.214059978723526001e-01 6.839700043201446533e-02 1.185220003128051758e+00
2.213249951601028442e-01 6.840199977159500122e-02 1.403372049331665039e+00
2.213249951601028442e-01 6.840199977159500122e-02 1.403372049331665039e+00
2.213249951601028442e-01 6.840199977159500122e-02 1.403372049331665039e+00
2.353319972753524780e-01 -7.116000168025493622e-03 1.403347969055175781e+00
2.353319972753524780e-01 -7.116000168025493622e-03 1.403347969055175781e+00
1.416759938001632690e-01 2.059599943459033966e-02 1.403352975845336914e+00
1.416759938001632690e-01 2.059599943459033966e-02 1.403352975845336914e+00
2.524850070476531982e-01 2.105637073516845703e+00 -1.629192948341369629e+00
2.223729938268661499e-01 6.834399700164794922e-02 -1.403331995010375977e+00
2.223729938268661499e-01 6.834399700164794922e-02 -1.403331995010375977e+00
2.375160008668899536e-01 -7.116000168025493622e-03 -1.185204982757568359e+00
2.375160008668899536e-01 -7.116000168025493622e-03 -1.185204982757568359e+00
1.416839957237243652e-01 2.059599943459033966e-02 -1.185199975967407227e+00
1.416839957237243652e-01 2.059599943459033966e-02 -1.185199975967407227e+00
2.530319988727569580e-01 2.221963882446289062e+00 -1.515357017517089844e+00
2.530319988727569580e-01 2.222398042678833008e+00 1.515357017517089844e+00
2.253649979829788208e-01 2.148638963699340820e+00 1.621041059494018555e+00
2.508229911327362061e-01 2.210458993911743164e+00 -1.570652961730957031e+00
2.266270071268081665e-01 2.178724050521850586e+00 -1.598333001136779785e+00
2.311899960041046143e-01 2.045300044119358063e-02 -1.573961973190307617e+00
2.297810018062591553e-01 2.900999970734119415e-02 -1.600208044052124023e+00
2.629159986972808838e-01 4.975799843668937683e-02 1.619629025459289551e+00
-1.742087960243225098e+00 -1.023169979453086853e-01 -1.404983997344970703e+00
-1.711119055747985840e+00 -1.026209965348243713e-01 1.477591991424560547e+00
-1.966272950172424316e+00 6.913299858570098877e-02 -1.596948027610778809e+00
6.742099672555923462e-02 -1.200610026717185974e-01 -1.512454032897949219e+00
-1.994600057601928711e+00 2.122399955987930298e-02 -1.520009994506835938e+00
-1.957836031913757324e+00 1.898100040853023529e-02 -1.599647998809814453e+00
-1.841325044631958008e+00 7.722000125795602798e-03 -1.634968996047973633e+00
-1.997449994087219238e+00 2.110500074923038483e-02 1.518342971801757812e+00
-1.965631008148193359e+00 1.886400021612644196e-02 1.598572015762329102e+00
-1.877972006797790527e+00 1.533699966967105865e-02 1.637688994407653809e+00
2.218309938907623291e-01 -2.364699915051460266e-02 -1.541906952857971191e+00
1.946129947900772095e-01 -2.364699915051460266e-02 -1.607615947723388672e+00
1.289039999246597290e-01 -2.364699915051460266e-02 -1.634834051132202148e+00
1.289039999246597290e-01 -2.364699915051460266e-02 1.636059045791625977e+00
1.946139931678771973e-01 -2.364699915051460266e-02 1.608840942382812500e+00
2.218320071697235107e-01 -2.364699915051460266e-02 1.543131947517395020e+00
-1.966272950172424316e+00 6.987900286912918091e-02 1.598777055740356445e+00
-1.636358022689819336e+00 -1.033539995551109314e-01 -1.512454032897949219e+00
-1.648429036140441895e+00 -1.032349988818168640e-01 1.509068965911865234e+00
6.742099672555923462e-02 -1.200610026717185974e-01 1.509068965911865234e+00
1.286219954490661621e-01 -1.206619963049888611e-01 1.483301997184753418e+00
1.284939944744110107e-01 6.769999861717224121e-02 -1.630105018615722656e+00
-1.999521017074584961e+00 6.978099793195724487e-02 1.518723964691162109e+00
-1.983808994293212891e+00 1.921500079333782196e-02 -1.563282966613769531e+00
-1.900727987289428711e+00 1.307300012558698654e-02 -1.621490955352783203e+00
-1.988232016563415527e+00 1.977000012993812561e-02 1.561136007308959961e+00
-1.924700975418090820e+00 1.723200082778930664e-02 1.624979972839355469e+00
-1.927284002304077148e+00 6.663899868726730347e-02 -1.617707014083862305e+00
-1.989588022232055664e+00 6.982900202274322510e-02 1.561429023742675781e+00
1.041439995169639587e-01 2.586000040173530579e-02 1.195193052291870117e+00
2.136760056018829346e-01 7.080999761819839478e-02 1.393376946449279785e+00
2.211769968271255493e-01 -1.620499975979328156e-02 1.195193052291870117e+00
2.136770039796829224e-01 6.819199770689010620e-02 -1.189564943313598633e+00
9.330499917268753052e-02 7.054600119590759277e-02 1.195191025733947754e+00
2.218309938907623291e-01 -2.364699915051460266e-02 -1.192939996719360352e+00
2.218309938907623291e-01 -2.364699915051460266e-02 -1.397662043571472168e+00
-1.886001944541931152e+00 6.664799898862838745e-02 -1.630103945732116699e+00
-1.929038047790527344e+00 6.992200016975402832e-02 1.622205972671508789e+00
1.286209970712661743e-01 -1.206619963049888611e-01 -1.486686944961547852e+00
2.136760056018829346e-01 7.095800340175628662e-02 1.539258003234863281e+00
1.864580065011978149e-01 7.101000100374221802e-02 1.604789018630981445e+00
-1.999521017074584961e+00 6.670299917459487915e-02 -1.516891956329345703e+00
-1.711120009422302246e+00 -1.026209965348243713e-01 -1.480977058410644531e+00
-1.742087006568908691e+00 -1.023169979453086853e-01 1.401600003242492676e+00
1.539719998836517334e-01 -1.209099963307380676e-01 1.421092987060546875e+00
1.539719998836517334e-01 -1.209099963307380676e-01 -1.424479007720947266e+00
1.864590048789978027e-01 6.775800138711929321e-02 -1.602960944175720215e+00
2.136770039796829224e-01 6.783899664878845215e-02 -1.537430047988891602e+00
1.207489967346191406e-01 7.100299745798110962e-02 1.631934046745300293e+00
-1.990488052368164062e+00 6.824500113725662231e-02 -1.560376048088073730e+00
-1.886003017425537109e+00 6.995499879121780396e-02 1.631935954093933105e+00
2.136770039796829224e-01 6.798599660396575928e-02 -1.392760038375854492e+00
2.211769968271255493e-01 -1.620499975979328156e-02 1.393378973007202148e+00
9.872899949550628662e-02 6.812500208616256714e-02 -1.195799946784973145e+00
1.095660030841827393e-01 2.586000040173530579e-02 -1.195801973342895508e+00
2.136760056018829346e-01 7.060900330543518066e-02 1.195191025733947754e+00
9.330499917268753052e-02 7.074700295925140381e-02 1.393376946449279785e+00
1.043019965291023254e-01 2.586000040173530579e-02 -1.395535945892333984e+00
9.346500039100646973e-02 6.791999936103820801e-02 -1.395534992218017578e+00
1.041439995169639587e-01 2.586000040173530579e-02 1.393378973007202148e+00
6.742099672555923462e-02 -1.200610026717185974e-01 1.509068965911865234e+00
-1.648429036140441895e+00 -1.032349988818168640e-01 1.509068965911865234e+00
2.136760056018829346e-01 7.095800340175628662e-02 1.539258003234863281e+00
1.864580065011978149e-01 7.101000100374221802e-02 1.604789018630981445e+00
1.286219954490661621e-01 -1.206619963049888611e-01 1.483301997184753418e+00
1.539719998836517334e-01 -1.209099963307380676e-01 1.421092987060546875e+00
1.539719998836517334e-01 -1.209099963307380676e-01 -1.424479007720947266e+00
-1.989588022232055664e+00 6.982900202274322510e-02 1.561429023742675781e+00
-1.999521017074584961e+00 6.978099793195724487e-02 1.518723964691162109e+00
2.136760056018829346e-01 7.080999761819839478e-02 1.393376946449279785e+00
2.136760056018829346e-01 7.080999761819839478e-02 1.393376946449279785e+00
-1.927284002304077148e+00 6.663899868726730347e-02 -1.617707014083862305e+00
-1.966272950172424316e+00 6.913299858570098877e-02 -1.596948027610778809e+00
-1.966272950172424316e+00 6.987900286912918091e-02 1.598777055740356445e+00
1.041439995169639587e-01 2.586000040173530579e-02 1.195193052291870117e+00
1.041439995169639587e-01 2.586000040173530579e-02 1.195193052291870117e+00
9.330499917268753052e-02 7.054600119590759277e-02 1.195191025733947754e+00
9.330499917268753052e-02 7.054600119590759277e-02 1.195191025733947754e+00
2.136770039796829224e-01 6.819199770689010620e-02 -1.189564943313598633e+00
2.136770039796829224e-01 6.819199770689010620e-02 -1.189564943313598633e+00
2.136760056018829346e-01 7.060900330543518066e-02 1.195191025733947754e+00
2.136760056018829346e-01 7.060900330543518066e-02 1.195191025733947754e+00
9.346500039100646973e-02 6.791999936103820801e-02 -1.395534992218017578e+00
9.346500039100646973e-02 6.791999936103820801e-02 -1.395534992218017578e+00
2.136770039796829224e-01 6.798599660396575928e-02 -1.392760038375854492e+00
2.136770039796829224e-01 6.798599660396575928e-02 -1.392760038375854492e+00
9.872899949550628662e-02 6.812500208616256714e-02 -1.195799946784973145e+00
9.872899949550628662e-02 6.812500208616256714e-02 -1.195799946784973145e+00
1.286209970712661743e-01 -1.206619963049888611e-01 -1.486686944961547852e+00
6.742099672555923462e-02 -1.200610026717185974e-01 -1.512454032897949219e+00
-1.636358022689819336e+00 -1.033539995551109314e-01 -1.512454032897949219e+00
1.864590048789978027e-01 6.775800138711929321e-02 -1.602960944175720215e+00
2.136770039796829224e-01 6.783899664878845215e-02 -1.537430047988891602e+00
1.207489967346191406e-01 7.100299745798110962e-02 1.631934046745300293e+00
-1.886003017425537109e+00 6.995499879121780396e-02 1.631935954093933105e+00
-1.929038047790527344e+00 6.992200016975402832e-02 1.622205972671508789e+00
1.095660030841827393e-01 2.586000040173530579e-02 -1.195801973342895508e+00
1.095660030841827393e-01 2.586000040173530579e-02 -1.195801973342895508e+00
1.043019965291023254e-01 2.586000040173530579e-02 -1.395535945892333984e+00
1.043019965291023254e-01 2.586000040173530579e-02 -1.395535945892333984e+00
-1.886001944541931152e+00 6.664799898862838745e-02 -1.630103945732116699e+00
-1.711119055747985840e+00 -1.026209965348243713e-01 1.477591991424560547e+00
-1.999521017074584961e+00 6.670299917459487915e-02 -1.516891956329345703e+00
-1.711120009422302246e+00 -1.026209965348243713e-01 -1.480977058410644531e+00
-1.742087960243225098e+00 -1.023169979453086853e-01 -1.404983997344970703e+00
-1.742087006568908691e+00 -1.023169979453086853e-01 1.401600003242492676e+00
-1.990488052368164062e+00 6.824500113725662231e-02 -1.560376048088073730e+00
1.284939944744110107e-01 6.769999861717224121e-02 -1.630105018615722656e+00
2.211769968271255493e-01 -1.620499975979328156e-02 1.393378973007202148e+00
2.211769968271255493e-01 -1.620499975979328156e-02 1.393378973007202148e+00
2.211769968271255493e-01 -1.620499975979328156e-02 1.195193052291870117e+00
2.211769968271255493e-01 -1.620499975979328156e-02 1.195193052291870117e+00
2.211769968271255493e-01 -1.620499975979328156e-02 1.195193052291870117e+00
9.330499917268753052e-02 7.074700295925140381e-02 1.393376946449279785e+00
9.330499917268753052e-02 7.074700295925140381e-02 1.393376946449279785e+00
1.041439995169639587e-01 2.586000040173530579e-02 1.393378973007202148e+00
1.041439995169639587e-01 2.586000040173530579e-02 1.393378973007202148e+00
2.218309938907623291e-01 -2.364699915051460266e-02 -1.192939996719360352e+00
2.218309938907623291e-01 -2.364699915051460266e-02 -1.192939996719360352e+00
2.218309938907623291e-01 -2.364699915051460266e-02 -1.192939996719360352e+00
2.218309938907623291e-01 -2.364699915051460266e-02 -1.397662043571472168e+00
2.218309938907623291e-01 -2.364699915051460266e-02 -1.397662043571472168e+00
