-1.532000023871660233e-03 -4.947000183165073395e-03 -7.552400231361389160e-02
2.612000098451972008e-03 -4.945000167936086655e-03 -7.552400231361389160e-02
5.239999736659228802e-04 -4.916000179946422577e-03 -7.360500097274780273e-02
5.399999790824949741e-04 -5.652000196278095245e-03 -7.552400231361389160e-02
5.600000149570405483e-04 2.257999964058399200e-03 -7.744300365447998047e-02
5.409999866969883442e-04 3.046999918296933174e-03 -7.552400231361389160e-02
5.610000225715339184e-04 -1.394000020809471607e-03 -7.744300365447998047e-02
5.249999812804162502e-04 2.221999922767281532e-03 -7.360500097274780273e-02
2.608000067993998528e-03 2.247000113129615784e-03 -7.552400231361389160e-02
-1.534000039100646973e-03 2.250999910756945610e-03 -7.552400231361389160e-02
5.579999997280538082e-04 -4.953000228852033615e-03 -7.744300365447998047e-02
5.259999888949096203e-04 -1.393000013194978237e-03 -7.360500097274780273e-02
2.614999888464808464e-03 -1.393000013194978237e-03 -7.552400231361389160e-02
-1.534000039100646973e-03 -1.393000013194978237e-03 -7.552400231361389160e-02
-1.006999984383583069e-03 -4.929999820888042450e-03 -7.408499717712402344e-02
-1.014000037685036659e-03 2.854000078514218330e-03 -7.552400231361389160e-02
5.290000117383897305e-04 2.828000113368034363e-03 -7.408499717712402344e-02
-1.013000030070543289e-03 -5.481999833136796951e-03 -7.552400231361389160e-02
5.269999965094029903e-04 -5.456000100821256638e-03 -7.408499717712402344e-02
-1.020999974571168423e-03 2.261999994516372681e-03 -7.696299999952316284e-02
5.530000198632478714e-04 -5.487999878823757172e-03 -7.696299999952316284e-02
5.549999768845736980e-04 2.859999891370534897e-03 -7.696299999952316284e-02
2.062000101432204247e-03 -4.927999805659055710e-03 -7.408499717712402344e-02
2.089000074192881584e-03 2.847000025212764740e-03 -7.552400231361389160e-02
2.093000104650855064e-03 -5.479999817907810211e-03 -7.552400231361389160e-02
2.124000107869505882e-03 2.255999948829412460e-03 -7.696299999952316284e-02
-1.007999991998076439e-03 2.234000014141201973e-03 -7.408499717712402344e-02
-1.020999974571168423e-03 -1.394000020809471607e-03 -7.696299999952316284e-02
2.059000078588724136e-03 2.228999976068735123e-03 -7.408499717712402344e-02
2.129999920725822449e-03 -1.394000020809471607e-03 -7.696299999952316284e-02
5.600000149570405483e-04 9.410000056959688663e-04 -7.744300365447998047e-02
5.259999888949096203e-04 9.180000051856040955e-04 -7.360500097274780273e-02
2.612000098451972008e-03 9.340000106021761894e-04 -7.552400231361389160e-02
-1.534000039100646973e-03 9.369999752379953861e-04 -7.552400231361389160e-02
-1.007999991998076439e-03 -1.393000013194978237e-03 -7.408499717712402344e-02
2.063999883830547333e-03 -1.393000013194978237e-03 -7.408499717712402344e-02
-1.019999966956675053e-03 -4.958000034093856812e-03 -7.696299999952316284e-02
2.126999897882342339e-03 -4.956000018864870071e-03 -7.696299999952316284e-02
5.600000149570405483e-04 -3.704000031575560570e-03 -7.744300365447998047e-02
5.249999812804162502e-04 -3.680000081658363342e-03 -7.360500097274780273e-02
2.613000106066465378e-03 -3.698999993503093719e-03 -7.552400231361389160e-02
-1.534000039100646973e-03 -3.700000001117587090e-03 -7.552400231361389160e-02
-6.089999806135892868e-04 2.682999940589070320e-03 -7.445800304412841797e-02
-6.089999806135892868e-04 -5.328999832272529602e-03 -7.445800304412841797e-02
-6.109999958425760269e-04 -5.351999774575233459e-03 -7.659000158309936523e-02
-6.109999958425760269e-04 2.706000115722417831e-03 -7.659000158309936523e-02
1.670000026933848858e-03 2.675999887287616730e-03 -7.445800304412841797e-02
1.670000026933848858e-03 -5.326000042259693146e-03 -7.445800304412841797e-02
1.710999989882111549e-03 -5.348999984562397003e-03 -7.659000158309936523e-02
1.708999974653124809e-03 2.699000062420964241e-03 -7.659000158309936523e-02
-1.007999991998076439e-03 9.260000078938901424e-04 -7.408499717712402344e-02
-1.020999974571168423e-03 9.430000209249556065e-04 -7.696299999952316284e-02
2.062000101432204247e-03 9.229999850504100323e-04 -7.408499717712402344e-02
2.127999905496835709e-03 9.399999980814754963e-04 -7.696299999952316284e-02
-1.007999991998076439e-03 -3.688999917358160019e-03 -7.408499717712402344e-02
2.063000109046697617e-03 -3.687999909743666649e-03 -7.408499717712402344e-02
-1.020999974571168423e-03 -3.707000054419040680e-03 -7.696299999952316284e-02
2.128999913111329079e-03 -3.706000046804547310e-03 -7.696299999952316284e-02
-2.998000010848045349e-03 -1.619999966351315379e-04 5.611000116914510727e-03
-3.011000109836459160e-03 -3.499000100418925285e-03 5.605999846011400223e-03
-6.426999811083078384e-03 -1.619999966351315379e-04 5.260999780148267746e-03
-6.428999826312065125e-03 -3.499000100418925285e-03 5.260000005364418030e-03
-4.449000116437673569e-03 -3.591000102460384369e-03 -2.506200037896633148e-02
-1.353999949060380459e-03 -3.579000011086463928e-03 -2.460799925029277802e-02
-1.353999949060380459e-03 1.389999961247667670e-04 -2.458300068974494934e-02
-4.449000116437673569e-03 1.469999988330528140e-04 -2.503599971532821655e-02
-6.103999912738800049e-03 -1.619999966351315379e-04 1.025599986314773560e-02
-6.116000004112720490e-03 -3.499000100418925285e-03 1.025099959224462509e-02
-9.215000085532665253e-03 -1.619999966351315379e-04 8.156999945640563965e-03
-9.216999635100364685e-03 -3.499000100418925285e-03 8.156999945640563965e-03
-9.992999956011772156e-03 -1.619999966351315379e-04 1.225499995052814484e-02
-1.000299956649541855e-02 -3.499000100418925285e-03 1.224699988961219788e-02
-1.790300011634826660e-02 -1.619999966351315379e-04 1.197899971157312393e-02
-1.790300011634826660e-02 -3.499000100418925285e-03 1.197899971157312393e-02
-1.343099959194660187e-02 -1.670000056037679315e-04 4.842999950051307678e-02
-1.344299968332052231e-02 -3.503999905660748482e-03 4.842799901962280273e-02
-1.909199915826320648e-02 -1.670000056037679315e-04 4.842000082135200500e-02
-1.909199915826320648e-02 -3.503999905660748482e-03 4.842000082135200500e-02
-2.443400025367736816e-02 -1.619999966351315379e-04 1.575399935245513916e-02
-2.443400025367736816e-02 -3.500000108033418655e-03 1.575399935245513916e-02
-5.057000089436769485e-03 -1.619999966351315379e-04 1.560300029814243317e-02
-5.119999870657920837e-03 -3.500000108033418655e-03 1.559800002723932266e-02
-2.861000038683414459e-02 -1.639999973122030497e-04 3.740299865603446960e-02
-3.104999894276261330e-03 -1.639999973122030497e-04 3.733000159263610840e-02
-2.861000038683414459e-02 -3.501999890431761742e-03 3.740299865603446960e-02
-3.142999950796365738e-03 -3.501999890431761742e-03 3.732800111174583435e-02
-2.552399970591068268e-02 -1.659999979892745614e-04 4.462699964642524719e-02
-6.002000067383050919e-03 -1.659999979892745614e-04 4.425299912691116333e-02
-2.552399970591068268e-02 -3.502999898046255112e-03 4.462699964642524719e-02
-6.029000040143728256e-03 -3.502999898046255112e-03 4.425099864602088928e-02
-2.780199982225894928e-02 -3.500000108033418655e-03 2.162300050258636475e-02
-2.369000110775232315e-03 -3.500000108033418655e-03 2.176900021731853485e-02
-2.780199982225894928e-02 -1.630000042496249080e-04 2.162300050258636475e-02
-2.311999909579753876e-03 -1.630000042496249080e-04 2.177199907600879669e-02
-1.127200014889240265e-02 -1.619999966351315379e-04 1.553399953991174698e-02
-1.734500005841255188e-02 -1.619999966351315379e-04 1.530800014734268188e-02
-1.128199975937604904e-02 -3.499000100418925285e-03 1.552699971944093704e-02
-1.734500005841255188e-02 -3.499000100418925285e-03 1.530800014734268188e-02
-1.398400031030178070e-02 -1.670000056037679315e-04 4.500700160861015320e-02
-1.832200028002262115e-02 -1.670000056037679315e-04 4.499899968504905701e-02
-1.399299968034029007e-02 -3.503999905660748482e-03 4.500599950551986694e-02
-1.832200028002262115e-02 -3.503999905660748482e-03 4.499899968504905701e-02
-2.325900085270404816e-02 -1.659999979892745614e-04 4.190799966454505920e-02
-2.234799973666667938e-02 -3.500000108033418655e-03 1.838400028645992279e-02
-8.298000320792198181e-03 -1.659999979892745614e-04 4.160400107502937317e-02
-7.433000020682811737e-03 -3.500000108033418655e-03 1.825799979269504547e-02
-2.234799973666667938e-02 -1.619999966351315379e-04 1.838400028645992279e-02
-2.497499994933605194e-02 -3.500000108033418655e-03 2.316600084304809570e-02
-7.385000120848417282e-03 -1.619999966351315379e-04 1.826100051403045654e-02
-5.373999942094087601e-03 -3.500000108033418655e-03 2.328499965369701385e-02
-2.497499994933605194e-02 -1.630000042496249080e-04 2.316600084304809570e-02
-2.558100037276744843e-02 -1.639999973122030497e-04 3.602299839258193970e-02
-5.330000072717666626e-03 -1.630000042496249080e-04 2.328800037503242493e-02
-6.029999814927577972e-03 -1.639999973122030497e-04 3.596400097012519836e-02
-2.325900085270404816e-02 -3.502999898046255112e-03 4.190799966454505920e-02
-2.558100037276744843e-02 -3.501999890431761742e-03 3.602299839258193970e-02
-8.318999782204627991e-03 -3.502999898046255112e-03 4.160200059413909912e-02
-6.058999802917242050e-03 -3.501999890431761742e-03 3.596099838614463806e-02
-7.029999978840351105e-04 -4.552999977022409439e-03 -5.704500153660774231e-02
2.283800020813941956e-02 -1.861999975517392159e-03 -1.101420000195503235e-01
2.283800020813941956e-02 -1.371999969705939293e-03 -1.101420000195503235e-01
-7.140000234358012676e-04 -1.413000049069523811e-03 -5.704500153660774231e-02
-4.426000174134969711e-03 -3.840999910607933998e-03 -5.388399958610534668e-02
2.307900041341781616e-02 -1.409000018611550331e-03 -1.111200004816055298e-01
2.307900041341781616e-02 -1.371999969705939293e-03 -1.111200004816055298e-01
-4.426000174134969711e-03 -1.409000018611550331e-03 -5.388399958610534668e-02
5.373999942094087601e-03 -3.721999935805797577e-03 -8.106400072574615479e-02
5.870999768376350403e-03 -1.428000046871602535e-03 -8.106400072574615479e-02
-3.674000035971403122e-03 -3.721999935805797577e-03 -8.106400072574615479e-02
-3.679000074043869972e-03 -1.428000046871602535e-03 -8.106400072574615479e-02
5.413999781012535095e-03 -3.720999928191304207e-03 -8.184199780225753784e-02
-3.700000001117587090e-03 -1.582999946549534798e-03 -8.184199780225753784e-02
5.915000103414058685e-03 -1.428000046871602535e-03 -8.184199780225753784e-02
-3.700000001117587090e-03 -1.428000046871602535e-03 -8.184199780225753784e-02
2.101100049912929535e-02 -2.329000039026141167e-03 -1.069440022110939026e-01
1.977399922907352448e-02 -1.409000018611550331e-03 -1.084450036287307739e-01
2.129000052809715271e-02 -1.371999969705939293e-03 -1.066059991717338562e-01
1.977399922907352448e-02 -1.371999969705939293e-03 -1.084450036287307739e-01
5.903000012040138245e-03 -1.428000046871602535e-03 -8.164100348949432373e-02
-3.694999963045120239e-03 -1.428000046871602535e-03 -8.164100348949432373e-02
5.404000170528888702e-03 -3.720999928191304207e-03 -8.164100348949432373e-02
-3.688999917358160019e-03 -3.720999928191304207e-03 -8.164100348949432373e-02
5.900000222027301788e-03 -1.428000046871602535e-03 -8.266200125217437744e-02
-2.886000089347362518e-03 -1.428000046871602535e-03 -8.266200125217437744e-02
5.396000109612941742e-03 -3.717999905347824097e-03 -8.266200125217437744e-02
-2.886000089347362518e-03 -1.582000055350363255e-03 -8.266200125217437744e-02
5.960000213235616684e-03 -1.423000008799135685e-03 -6.617099791765213013e-02
-4.484999924898147583e-03 -1.423000008799135685e-03 -6.617099791765213013e-02
5.415000021457672119e-03 -3.603999968618154526e-03 -6.617099791765213013e-02
-4.482999909669160843e-03 -3.602999961003661156e-03 -6.617099791765213013e-02
-1.325999968685209751e-03 -4.106999840587377548e-03 -4.985500127077102661e-02
-1.337000052444636822e-03 1.297999988310039043e-03 -4.985500127077102661e-02
-4.426000174134969711e-03 -4.097000230103731155e-03 -4.948199912905693054e-02
-4.426000174134969711e-03 1.288000028580427170e-03 -4.948199912905693054e-02
-4.426000174134969711e-03 1.363000017590820789e-03 -5.243000015616416931e-02
-1.062000053934752941e-03 1.552999950945377350e-03 -5.535199865698814392e-02
-1.051999977789819241e-03 -4.468999803066253662e-03 -5.535199865698814392e-02
-4.426000174134969711e-03 -3.772000083699822426e-03 -5.243000015616416931e-02
-4.426000174134969711e-03 1.352000050246715546e-03 -5.063499882817268372e-02
-1.260000048205256462e-03 1.420999993570148945e-03 -5.345699936151504517e-02
-1.248999964445829391e-03 -4.364999942481517792e-03 -5.345699936151504517e-02
-4.426000174134969711e-03 -4.164999816566705704e-03 -5.063499882817268372e-02
2.076999982818961143e-03 7.340000011026859283e-04 -5.704500153660774231e-02
2.166000008583068848e-02 -7.880000048317015171e-04 -1.115700006484985352e-01
2.166000008583068848e-02 -1.277999952435493469e-03 -1.115700006484985352e-01
2.088000066578388214e-03 -1.219999976456165314e-03 -5.704500153660774231e-02
5.799999926239252090e-03 6.370000191964209080e-04 -5.388399958610534668e-02
2.321800030767917633e-02 -1.241000019945204258e-03 -1.109519973397254944e-01
2.321800030767917633e-02 -1.277999952435493469e-03 -1.109519973397254944e-01
5.799999926239252090e-03 -1.225000014528632164e-03 -5.388399958610534668e-02
-3.256000112742185593e-03 1.091000041924417019e-03 -8.106400072574615479e-02
-3.757999977096915245e-03 -1.201999955810606480e-03 -8.106400072574615479e-02
5.783000029623508453e-03 1.091000041924417019e-03 -8.106400072574615479e-02
5.793000105768442154e-03 -1.201999955810606480e-03 -8.106400072574615479e-02
-3.275000024586915970e-03 1.090000034309923649e-03 -8.184199780225753784e-02
5.834999959915876389e-03 -1.047000056132674217e-03 -8.184199780225753784e-02
-3.779999911785125732e-03 -1.201999955810606480e-03 -8.184199780225753784e-02
5.834999959915876389e-03 -1.201999955810606480e-03 -8.184199780225753784e-02
1.908300071954727173e-02 -3.209999995306134224e-04 -1.092830002307891846e-01
2.066200040280818939e-02 -1.241000019945204258e-03 -1.073670014739036560e-01
1.880400069057941437e-02 -1.277999952435493469e-03 -1.096210032701492310e-01
2.066200040280818939e-02 -1.277999952435493469e-03 -1.073670014739036560e-01
-3.775000106543302536e-03 -1.201999955810606480e-03 -8.164100348949432373e-02
5.824000108987092972e-03 -1.201999955810606480e-03 -8.164100348949432373e-02
-3.269999986514449120e-03 1.091000041924417019e-03 -8.164100348949432373e-02
5.814000032842159271e-03 1.091000041924417019e-03 -8.164100348949432373e-02
-3.742000088095664978e-03 -1.202999963425099850e-03 -8.266200125217437744e-02
4.689000081270933151e-03 -1.202999963425099850e-03 -8.266200125217437744e-02
-3.232999937608838081e-03 1.088000019080936909e-03 -8.266200125217437744e-02
4.689000081270933151e-03 -1.047999947331845760e-03 -8.266200125217437744e-02
-4.571999888867139816e-03 -1.208000001497566700e-03 -6.617099791765213013e-02
5.874000024050474167e-03 -1.208000001497566700e-03 -6.617099791765213013e-02
-4.023999907076358795e-03 9.730000165291130543e-04 -6.617099791765213013e-02
5.870999768376350403e-03 9.730000165291130543e-04 -6.617099791765213013e-02
2.700000070035457611e-03 4.769999941345304251e-04 -4.985500127077102661e-02
2.710999920964241028e-03 -4.923999775201082230e-03 -4.985500127077102661e-02
5.799999926239252090e-03 4.699999990407377481e-04 -4.948199912905693054e-02
5.799999926239252090e-03 -4.904000088572502136e-03 -4.948199912905693054e-02
5.799999926239252090e-03 -5.208000075072050095e-03 -5.350499972701072693e-02
2.366000087931752205e-03 -5.398999899625778198e-03 -5.642599985003471375e-02
2.564999973401427269e-03 6.389999762177467346e-04 -5.419300124049186707e-02
5.799999926239252090e-03 5.389999714680016041e-04 -5.127099901437759399e-02
4.408000037074089050e-03 -1.619999966351315379e-04 5.611000116914510727e-03
4.420999903231859207e-03 -3.499000100418925285e-03 5.607000086456537247e-03
7.842999882996082306e-03 -1.619999966351315379e-04 5.260000005364418030e-03
7.845000363886356354e-03 -3.499000100418925285e-03 5.260999780148267746e-03
5.799999926239252090e-03 -3.809999907389283180e-03 -2.503900043666362762e-02
2.710999920964241028e-03 -3.800000064074993134e-03 -2.458300068974494934e-02
2.700000070035457611e-03 -8.800000068731606007e-05 -2.460299991071224213e-02
5.799999926239252090e-03 -8.199999865610152483e-05 -2.506100013852119446e-02
5.799999926239252090e-03 -5.146000068634748459e-03 -5.266699939966201782e-02
2.495999913662672043e-03 -5.305999889969825745e-03 -5.505799874663352966e-02
2.695000031962990761e-03 5.890000029467046261e-04 -5.282400175929069519e-02
5.799999926239252090e-03 5.070000188425183296e-04 -5.043400079011917114e-02
-4.410999827086925507e-03 -1.208000001497566700e-03 -6.595700234174728394e-02
5.865000188350677490e-03 -1.208000001497566700e-03 -6.588400155305862427e-02
-3.876999951899051666e-03 9.699999936856329441e-04 -6.595800071954727173e-02
5.863000173121690750e-03 9.689999860711395741e-04 -6.588400155305862427e-02
-4.031000193208456039e-03 9.779999963939189911e-04 -6.655400246381759644e-02
5.882000084966421127e-03 9.779999963939189911e-04 -6.655400246381759644e-02
-4.579999949783086777e-03 -1.208000001497566700e-03 -6.655400246381759644e-02
5.884999874979257584e-03 -1.208000001497566700e-03 -6.655400246381759644e-02
1.211000024341046810e-03 -1.217999961227178574e-03 -5.825699865818023682e-02
5.799999926239252090e-03 -1.221999991685152054e-03 -5.551499873399734497e-02
1.273000030778348446e-03 7.650000043213367462e-04 -5.825699865818023682e-02
5.799999926239252090e-03 6.960000027902424335e-04 -5.551499873399734497e-02
7.437000051140785217e-03 -1.619999966351315379e-04 1.025599986314773560e-02
7.449999917298555374e-03 -3.499000100418925285e-03 1.025099959224462509e-02
1.054800022393465042e-02 -1.619999966351315379e-04 8.156999945640563965e-03
1.054999977350234985e-02 -3.499000100418925285e-03 8.156999945640563965e-03
1.133999973535537720e-02 -1.619999966351315379e-04 1.225499995052814484e-02
1.135000027716159821e-02 -3.499000100418925285e-03 1.224699988961219788e-02
1.924799941480159760e-02 -1.619999966351315379e-04 1.197899971157312393e-02
1.924799941480159760e-02 -3.499000100418925285e-03 1.197899971157312393e-02
1.484400033950805664e-02 -1.670000056037679315e-04 4.842999950051307678e-02
1.485600043088197708e-02 -3.503999905660748482e-03 4.842799901962280273e-02
2.050499990582466125e-02 -1.670000056037679315e-04 4.842000082135200500e-02
2.050499990582466125e-02 -3.503999905660748482e-03 4.842000082135200500e-02
2.579700015485286713e-02 -1.619999966351315379e-04 1.575399935245513916e-02
2.579700015485286713e-02 -3.500000108033418655e-03 1.575399935245513916e-02
6.419999990612268448e-03 -1.619999966351315379e-04 1.560300029814243317e-02
6.481999997049570084e-03 -3.500000108033418655e-03 1.559800002723932266e-02
3.000999987125396729e-02 -1.639999973122030497e-04 3.740299865603446960e-02
4.503999836742877960e-03 -1.639999973122030497e-04 3.733000159263610840e-02
3.000999987125396729e-02 -3.501999890431761742e-03 3.740299865603446960e-02
4.542000126093626022e-03 -3.501999890431761742e-03 3.732800111174583435e-02
2.693199925124645233e-02 -1.659999979892745614e-04 4.462699964642524719e-02
7.408999837934970856e-03 -1.659999979892745614e-04 4.425299912691116333e-02
2.693199925124645233e-02 -3.502999898046255112e-03 4.462699964642524719e-02
7.437000051140785217e-03 -3.502999898046255112e-03 4.425099864602088928e-02
2.915200032293796539e-02 -3.500000108033418655e-03 2.162300050258636475e-02
3.718999912962317467e-03 -3.500000108033418655e-03 2.176900021731853485e-02
2.915200032293796539e-02 -1.630000042496249080e-04 2.162300050258636475e-02
3.660999936982989311e-03 -1.630000042496249080e-04 2.177199907600879669e-02
1.262500043958425522e-02 -1.619999966351315379e-04 1.553399953991174698e-02
1.869699917733669281e-02 -1.619999966351315379e-04 1.530800014734268188e-02
1.263500005006790161e-02 -3.499000100418925285e-03 1.552699971944093704e-02
1.869699917733669281e-02 -3.499000100418925285e-03 1.530800014734268188e-02
1.539599988609552383e-02 -1.670000056037679315e-04 4.500700160861015320e-02
1.973400078713893890e-02 -1.670000056037679315e-04 4.499899968504905701e-02
1.540500018745660782e-02 -3.503999905660748482e-03 4.500599950551986694e-02
1.973400078713893890e-02 -3.503999905660748482e-03 4.499899968504905701e-02
2.466900087893009186e-02 -1.659999979892745614e-04 4.190799966454505920e-02
2.371799945831298828e-02 -3.500000108033418655e-03 1.838400028645992279e-02
9.707000106573104858e-03 -1.659999979892745614e-04 4.160400107502937317e-02
8.802000433206558228e-03 -3.500000108033418655e-03 1.825799979269504547e-02
2.371799945831298828e-02 -1.619999966351315379e-04 1.838400028645992279e-02
2.635899931192398071e-02 -3.500000108033418655e-03 2.316600084304809570e-02
8.754000067710876465e-03 -1.619999966351315379e-04 1.826100051403045654e-02
6.757999770343303680e-03 -3.500000108033418655e-03 2.328499965369701385e-02
2.635899931192398071e-02 -1.630000042496249080e-04 2.316600084304809570e-02
2.698200009763240814e-02 -1.639999973122030497e-04 3.602299839258193970e-02
6.715000141412019730e-03 -1.630000042496249080e-04 2.328800037503242493e-02
7.431000005453824997e-03 -1.639999973122030497e-04 3.596400097012519836e-02
2.466900087893009186e-02 -3.502999898046255112e-03 4.190799966454505920e-02
2.698200009763240814e-02 -3.501999890431761742e-03 3.602299839258193970e-02
9.727999567985534668e-03 -3.502999898046255112e-03 4.160200059413909912e-02
7.459000218659639359e-03 -3.501999890431761742e-03 3.596099838614463806e-02
-4.740000003948807716e-04 -1.413000049069523811e-03 -5.737800151109695435e-02
-4.426000174134969711e-03 -1.409000018611550331e-03 -5.433100089430809021e-02
-4.830000107176601887e-04 -4.523999989032745361e-03 -5.737800151109695435e-02
-4.426000174134969711e-03 -3.840999910607933998e-03 -5.433100089430809021e-02
5.289999768137931824e-03 -3.626999910920858383e-03 -6.599000096321105957e-02
-4.478999879211187363e-03 -3.613000037148594856e-03 -6.592799723148345947e-02
5.822999868541955948e-03 -1.422000001184642315e-03 -6.599000096321105957e-02
-4.480000119656324387e-03 -1.422000001184642315e-03 -6.592799723148345947e-02
5.650000181049108505e-03 -1.422000001184642315e-03 -6.576199829578399658e-02
-4.474999848753213882e-03 -1.422000001184642315e-03 -6.561999768018722534e-02
5.131000187247991562e-03 -3.656999906525015831e-03 -6.576199829578399658e-02
-4.472999833524227142e-03 -3.624999895691871643e-03 -6.561999768018722534e-02
5.373999942094087601e-03 -3.255000105127692223e-03 -8.505900204181671143e-02
6.955999881029129028e-03 -2.792000072076916695e-03 -8.826699852943420410e-02
-2.013999968767166138e-03 -1.523999962955713272e-03 -8.556000143289566040e-02
2.789999998640269041e-04 -1.465999986976385117e-03 -8.926799893379211426e-02
7.565999869257211685e-03 -1.390999997965991497e-03 -8.804199844598770142e-02
5.907999817281961441e-03 -1.409000018611550331e-03 -8.494699746370315552e-02
2.789999998640269041e-04 -1.390999997965991497e-03 -8.926799893379211426e-02
-2.013999968767166138e-03 -1.409000018611550331e-03 -8.556000143289566040e-02
-2.588999923318624496e-03 6.179999909363687038e-04 -8.583900332450866699e-02
-7.159999804571270943e-04 1.489999995101243258e-04 -8.982600271701812744e-02
4.641999956220388412e-03 -1.112999976612627506e-03 -8.519999682903289795e-02
6.147999782115221024e-03 -1.176999998278915882e-03 -8.854900300502777100e-02
-1.328999991528689861e-03 -1.252999994903802872e-03 -9.005200117826461792e-02
-3.128000069409608841e-03 -1.228000037372112274e-03 -8.595199882984161377e-02
6.147999782115221024e-03 -1.252999994903802872e-03 -8.854900300502777100e-02
4.641999956220388412e-03 -1.228000037372112274e-03 -8.519999682903289795e-02
-2.987599931657314301e-02 -1.639999973122030497e-04 2.951299957931041718e-02
-1.093000057153403759e-03 -1.639999973122030497e-04 2.955099940299987793e-02
-2.987599931657314301e-02 -3.501000115647912025e-03 2.951299957931041718e-02
-1.147000002674758434e-03 -3.501000115647912025e-03 2.954800054430961609e-02
-2.657400071620941162e-02 -1.639999973122030497e-04 2.959500066936016083e-02
-4.453000146895647049e-03 -1.639999973122030497e-04 2.962600067257881165e-02
-2.657400071620941162e-02 -3.501000115647912025e-03 2.959500066936016083e-02
-4.494000226259231567e-03 -3.501000115647912025e-03 2.962299995124340057e-02
3.102399967610836029e-02 -1.639999973122030497e-04 2.951299957931041718e-02
2.797000110149383545e-03 -1.639999973122030497e-04 2.955099940299987793e-02
3.102399967610836029e-02 -3.501000115647912025e-03 2.951299957931041718e-02
2.850000048056244850e-03 -3.501000115647912025e-03 2.954800054430961609e-02
2.775700017809867859e-02 -1.639999973122030497e-04 2.959500066936016083e-02
6.062999833375215530e-03 -1.639999973122030497e-04 2.962600067257881165e-02
2.775700017809867859e-02 -3.501000115647912025e-03 2.959500066936016083e-02
6.103999912738800049e-03 -3.501000115647912025e-03 2.962299995124340057e-02
