-1.791000016964972019e-03 1.201999955810606480e-03 -2.177299931645393372e-02
3.003000048920512199e-03 1.201999955810606480e-03 -2.177299931645393372e-02
6.060000159777700901e-04 1.400999957695603371e-03 -1.933700032532215118e-02
6.060000159777700901e-04 3.889999934472143650e-04 -2.177299931645393372e-02
6.060000159777700901e-04 1.034200005233287811e-02 -2.421000041067600250e-02
6.060000159777700901e-04 1.125799957662820816e-02 -2.177299931645393372e-02
6.060000159777700901e-04 5.696999840438365936e-03 -2.421000041067600250e-02
6.060000159777700901e-04 1.013099960982799530e-02 -1.933700032532215118e-02
3.003000048920512199e-03 1.029200013726949692e-02 -2.177299931645393372e-02
-1.791000016964972019e-03 1.032000035047531128e-02 -2.177299931645393372e-02
6.060000159777700901e-04 1.188999973237514496e-03 -2.421000041067600250e-02
6.060000159777700901e-04 5.702000111341476440e-03 -1.933700032532215118e-02
3.003000048920512199e-03 5.698000080883502960e-03 -2.177299931645393372e-02
-1.791000016964972019e-03 5.698000080883502960e-03 -2.177299931645393372e-02
-1.191999996080994606e-03 1.309999963268637657e-03 -1.994599960744380951e-02
-1.191999996080994606e-03 1.107000000774860382e-02 -2.177299931645393372e-02
6.060000159777700901e-04 1.090400014072656631e-02 -1.994599960744380951e-02
-1.191999996080994606e-03 5.409999866969883442e-04 -2.177299931645393372e-02
6.060000159777700901e-04 7.130000158213078976e-04 -1.994599960744380951e-02
-1.191999996080994606e-03 1.037899963557720184e-02 -2.360099926590919495e-02
6.060000159777700901e-04 5.300000193528831005e-04 -2.360099926590919495e-02
6.060000159777700901e-04 1.108899991959333420e-02 -2.360099926590919495e-02
2.403999911621212959e-03 1.308999955654144287e-03 -1.994599960744380951e-02
2.403999911621212959e-03 1.103300042450428009e-02 -2.177299931645393372e-02
2.403999911621212959e-03 5.409999866969883442e-04 -2.177299931645393372e-02
2.403999911621212959e-03 1.034600008279085159e-02 -2.360099926590919495e-02
-1.191999996080994606e-03 1.021599955856800079e-02 -1.994599960744380951e-02
-1.191999996080994606e-03 5.696999840438365936e-03 -2.360099926590919495e-02
2.403999911621212959e-03 1.018599979579448700e-02 -1.994599960744380951e-02
2.403999911621212959e-03 5.696999840438365936e-03 -2.360099926590919495e-02
6.060000159777700901e-04 8.666999638080596924e-03 -2.421000041067600250e-02
6.060000159777700901e-04 8.534000255167484283e-03 -1.933700032532215118e-02
3.003000048920512199e-03 8.635999634861946106e-03 -2.177299931645393372e-02
-1.791000016964972019e-03 8.652999997138977051e-03 -2.177299931645393372e-02
-1.191999996080994606e-03 5.700000096112489700e-03 -1.994599960744380951e-02
2.403999911621212959e-03 5.700000096112489700e-03 -1.994599960744380951e-02
-1.191999996080994606e-03 1.144999987445771694e-03 -2.360099926590919495e-02
2.403999911621212959e-03 1.144999987445771694e-03 -2.360099926590919495e-02
6.060000159777700901e-04 2.769999904558062553e-03 -2.421000041067600250e-02
6.060000159777700901e-04 2.910000039264559746e-03 -1.933700032532215118e-02
3.003000048920512199e-03 2.778999973088502884e-03 -2.177299931645393372e-02
-1.791000016964972019e-03 2.778999973088502884e-03 -2.177299931645393372e-02
-7.259999983943998814e-04 1.078500039875507355e-02 -2.041999995708465576e-02
-7.259999983943998814e-04 8.050000178627669811e-04 -2.041999995708465576e-02
-7.259999983943998814e-04 6.699999794363975525e-04 -2.312700077891349792e-02
-7.259999983943998814e-04 1.092099957168102264e-02 -2.312700077891349792e-02
1.936999964527785778e-03 1.074699964374303818e-02 -2.041999995708465576e-02
1.936999964527785778e-03 8.050000178627669811e-04 -2.041999995708465576e-02
1.936999964527785778e-03 6.699999794363975525e-04 -2.312700077891349792e-02
1.936999964527785778e-03 1.087999995797872543e-02 -2.312700077891349792e-02
-1.191999996080994606e-03 8.586999960243701935e-03 -1.994599960744380951e-02
-1.191999996080994606e-03 8.689999580383300781e-03 -2.360099926590919495e-02
2.403999911621212959e-03 8.568000048398971558e-03 -1.994599960744380951e-02
2.403999911621212959e-03 8.670000359416007996e-03 -2.360099926590919495e-02
-1.191999996080994606e-03 2.850000048056244850e-03 -1.994599960744380951e-02
2.403999911621212959e-03 2.850000048056244850e-03 -1.994599960744380951e-02
-1.191999996080994606e-03 2.741999924182891846e-03 -2.360099926590919495e-02
2.403999911621212959e-03 2.740999916568398476e-03 -2.360099926590919495e-02
-1.748000038787722588e-03 7.054999936372041702e-03 2.830399945378303528e-02
-1.761000021360814571e-03 3.272000001743435860e-03 2.829900011420249939e-02
-5.516999866813421249e-03 7.054999936372041702e-03 2.792100049555301666e-02
-5.516999866813421249e-03 3.272000001743435860e-03 2.792100049555301666e-02
-5.545999854803085327e-03 3.501000115647912025e-03 1.926499977707862854e-02
-1.670000026933848858e-03 3.501000115647912025e-03 1.879099942743778229e-02
-1.670000026933848858e-03 7.284000050276517868e-03 1.879099942743778229e-02
-5.545999854803085327e-03 7.284000050276517868e-03 1.926499977707862854e-02
-4.850000143051147461e-03 7.054999936372041702e-03 3.363899886608123779e-02
-4.861999768763780594e-03 3.272000001743435860e-03 3.363300114870071411e-02
-8.377999998629093170e-03 7.054999936372041702e-03 3.122800029814243317e-02
-8.377999998629093170e-03 3.272000001743435860e-03 3.122800029814243317e-02
-8.933999575674533844e-03 7.054000161588191986e-03 3.593700006604194641e-02
-8.944000117480754852e-03 3.270999994128942490e-03 3.592700138688087463e-02
-1.792999915778636932e-02 7.054000161588191986e-03 3.561900183558464050e-02
-1.792999915778636932e-02 3.270999994128942490e-03 3.561900183558464050e-02
-1.090199965983629227e-02 7.048999890685081482e-03 7.750199735164642334e-02
-1.091600023210048676e-02 3.266999963670969009e-03 7.750000059604644775e-02
-1.731999963521957397e-02 7.048999890685081482e-03 7.749000191688537598e-02
-1.731999963521957397e-02 3.266999963670969009e-03 7.749000191688537598e-02
-2.491299994289875031e-02 7.054000161588191986e-03 3.995599970221519470e-02
-2.491299994289875031e-02 3.270999994128942490e-03 3.995599970221519470e-02
-2.980000106617808342e-03 7.054000161588191986e-03 3.978300094604492188e-02
-3.048999933525919914e-03 3.270999994128942490e-03 3.977800160646438599e-02
-2.840700000524520874e-02 7.052000146359205246e-03 6.483200192451477051e-02
5.009999731555581093e-04 7.052000146359205246e-03 6.474799662828445435e-02
-2.840700000524520874e-02 3.268999978899955750e-03 6.483200192451477051e-02
4.590000025928020477e-04 3.268999978899955750e-03 6.474500149488449097e-02
-2.470899932086467743e-02 7.050000131130218506e-03 7.313200086355209351e-02
-2.594999969005584717e-03 7.050000131130218506e-03 7.270199805498123169e-02
-2.470899932086467743e-02 3.266999963670969009e-03 7.313200086355209351e-02
-2.625999972224235535e-03 3.266999963670969009e-03 7.270000129938125610e-02
-2.830399945378303528e-02 3.269999986514449120e-03 4.670099914073944092e-02
5.210000090301036835e-04 3.269999986514449120e-03 4.686800017952919006e-02
-2.830399945378303528e-02 7.052999921143054962e-03 4.670099914073944092e-02
5.840000230818986893e-04 7.052999921143054962e-03 4.687200114130973816e-02
-1.025099959224462509e-02 7.054000161588191986e-03 3.970399871468544006e-02
-1.714299991726875305e-02 7.054000161588191986e-03 3.944500163197517395e-02
-1.025800034403800964e-02 3.270999994128942490e-03 3.969600051641464233e-02
-1.714299991726875305e-02 3.270999994128942490e-03 3.944500163197517395e-02
-1.152899954468011856e-02 7.048999890685081482e-03 7.356899976730346680e-02
-1.644599996507167816e-02 7.048999890685081482e-03 7.355999946594238281e-02
-1.153900008648633957e-02 3.266999963670969009e-03 7.356800138950347900e-02
-1.644599996507167816e-02 3.266999963670969009e-03 7.355999946594238281e-02
-2.210799977183341980e-02 7.050000131130218506e-03 7.000900059938430786e-02
-2.239000052213668823e-02 3.270999994128942490e-03 4.297799989581108093e-02
-5.164000205695629120e-03 7.050000131130218506e-03 6.965799629688262939e-02
-5.512000061571598053e-03 3.270999994128942490e-03 4.283300042152404785e-02
-2.239000052213668823e-02 7.054000161588191986e-03 4.297799989581108093e-02
-2.498699910938739777e-02 3.269999986514449120e-03 4.847399890422821045e-02
-5.458000116050243378e-03 7.054000161588191986e-03 4.283700138330459595e-02
-2.775999950245022774e-03 3.269999986514449120e-03 4.861000180244445801e-02
-2.498699910938739777e-02 7.052999921143054962e-03 4.847399890422821045e-02
-2.494199946522712708e-02 7.052000146359205246e-03 6.324599683284759521e-02
-2.728000050410628319e-03 7.052999921143054962e-03 4.861300066113471985e-02
-2.791000064462423325e-03 7.052000146359205246e-03 6.317800283432006836e-02
-2.210799977183341980e-02 3.266999963670969009e-03 7.000900059938430786e-02
-2.494199946522712708e-02 3.268999978899955750e-03 6.324599683284759521e-02
-5.187000147998332977e-03 3.266999963670969009e-03 6.965699791908264160e-02
-2.823000075295567513e-03 3.268999978899955750e-03 6.317500025033950806e-02
-8.539999835193157196e-04 2.980000106617808342e-03 1.691999961622059345e-03
6.287999916821718216e-03 5.123999901115894318e-03 -1.214720010757446289e-01
6.287999916821718216e-03 5.737999919801950455e-03 -1.214720010757446289e-01
-8.670000243000686169e-04 5.712999962270259857e-03 1.691999961622059345e-03
-5.518000107258558273e-03 3.736000042408704758e-03 5.706999916583299637e-03
5.359999835491180420e-03 5.692000035196542740e-03 -1.224979981780052185e-01
5.359999835491180420e-03 5.737999919801950455e-03 -1.224979981780052185e-01
-5.518000107258558273e-03 5.721999797970056534e-03 5.706999916583299637e-03
6.725000217556953430e-03 2.634000033140182495e-03 -2.880899980664253235e-02
7.400999777019023895e-03 5.648999940603971481e-03 -2.880899980664253235e-02
-5.518000107258558273e-03 2.634000033140182495e-03 -2.880899980664253235e-02
-5.518000107258558273e-03 5.648999940603971481e-03 -2.880899980664253235e-02
6.725000217556953430e-03 2.634000033140182495e-03 -2.979700081050395966e-02
-5.518000107258558273e-03 5.444000009447336197e-03 -2.979700081050395966e-02
7.400999777019023895e-03 5.648999940603971481e-03 -2.979700081050395966e-02
-5.518000107258558273e-03 5.648999940603971481e-03 -2.979700081050395966e-02
6.541000213474035263e-03 4.538999870419502258e-03 -1.176420003175735474e-01
3.541999962180852890e-03 5.692000035196542740e-03 -1.176420003175735474e-01
7.215999998152256012e-03 5.737999919801950455e-03 -1.176420003175735474e-01
3.541999962180852890e-03 5.737999919801950455e-03 -1.176420003175735474e-01
7.400999777019023895e-03 5.648999940603971481e-03 -2.954100072383880615e-02
-5.518000107258558273e-03 5.648999940603971481e-03 -2.954100072383880615e-02
6.725000217556953430e-03 2.634000033140182495e-03 -2.954100072383880615e-02
-5.518000107258558273e-03 2.634000033140182495e-03 -2.954100072383880615e-02
7.319999858736991882e-03 5.648999940603971481e-03 -3.083799965679645538e-02
-4.408000037074089050e-03 5.648999940603971481e-03 -3.083799965679645538e-02
6.643999833613634109e-03 2.634000033140182495e-03 -3.083799965679645538e-02
-4.408000037074089050e-03 5.444999784231185913e-03 -3.083799965679645538e-02
7.400000002235174179e-03 5.679999943822622299e-03 -9.895999915897846222e-03
-5.518000107258558273e-03 5.679999943822622299e-03 -9.895999915897846222e-03
6.725000217556953430e-03 3.305000020191073418e-03 -9.895999915897846222e-03
-5.518000107258558273e-03 3.305000020191073418e-03 -9.895999915897846222e-03
-1.634999993257224560e-03 3.650000086054205894e-03 1.082300022244453430e-02
-1.647999975830316544e-03 7.814000360667705536e-03 1.082300022244453430e-02
-5.518000107258558273e-03 3.663999959826469421e-03 1.129699964076280594e-02
-5.518000107258558273e-03 7.799000013619661331e-03 1.129699964076280594e-02
-5.518000107258558273e-03 8.833999745547771454e-03 7.553000003099441528e-03
-1.304000033996999264e-03 9.166000410914421082e-03 3.842999925836920738e-03
-1.290000043809413910e-03 3.152000019326806068e-03 3.842999925836920738e-03
-5.518000107258558273e-03 3.843999933451414108e-03 7.553000003099441528e-03
-5.518000107258558273e-03 7.869999855756759644e-03 9.832999669015407562e-03
-1.551999943330883980e-03 8.936000056564807892e-03 6.248999852687120438e-03
-1.537999953143298626e-03 3.333000000566244125e-03 6.248999852687120438e-03
-5.518000107258558273e-03 3.588000079616904259e-03 9.832999669015407562e-03
2.628999995067715645e-03 7.583000231534242630e-03 1.691999961622059345e-03
3.434000071138143539e-03 6.469999905675649643e-03 -1.214720010757446289e-01
3.434000071138143539e-03 5.855999886989593506e-03 -1.214720010757446289e-01
2.643000101670622826e-03 5.880999844521284103e-03 1.691999961622059345e-03
7.292999885976314545e-03 7.395000196993350983e-03 5.706999916583299637e-03
5.696000065654516220e-03 5.901999771595001221e-03 -1.224979981780052185e-01
5.696000065654516220e-03 5.855999886989593506e-03 -1.224979981780052185e-01
7.292999885976314545e-03 5.872000008821487427e-03 5.706999916583299637e-03
-4.949999973177909851e-03 8.960000239312648773e-03 -2.880899980664253235e-02
-5.625000223517417908e-03 5.944999866187572479e-03 -2.880899980664253235e-02
7.292999885976314545e-03 8.960000239312648773e-03 -2.880899980664253235e-02
7.292999885976314545e-03 5.944999866187572479e-03 -2.880899980664253235e-02
-4.949999973177909851e-03 8.960000239312648773e-03 -2.979700081050395966e-02
7.292999885976314545e-03 6.149999797344207764e-03 -2.979700081050395966e-02
-5.625000223517417908e-03 5.944999866187572479e-03 -2.979700081050395966e-02
7.292999885976314545e-03 5.944999866187572479e-03 -2.979700081050395966e-02
1.869000028818845749e-03 7.054999936372041702e-03 -1.176420003175735474e-01
5.696000065654516220e-03 5.901999771595001221e-03 -1.176420003175735474e-01
1.193000003695487976e-03 5.855999886989593506e-03 -1.176420003175735474e-01
5.696000065654516220e-03 5.855999886989593506e-03 -1.176420003175735474e-01
-5.625000223517417908e-03 5.944999866187572479e-03 -2.954100072383880615e-02
7.292999885976314545e-03 5.944999866187572479e-03 -2.954100072383880615e-02
-4.949999973177909851e-03 8.960000239312648773e-03 -2.954100072383880615e-02
7.292999885976314545e-03 8.960000239312648773e-03 -2.954100072383880615e-02
-5.545000080019235611e-03 5.944999866187572479e-03 -3.083799965679645538e-02
5.696000065654516220e-03 5.944999866187572479e-03 -3.083799965679645538e-02
-4.869000054895877838e-03 8.960000239312648773e-03 -3.083799965679645538e-02
5.696000065654516220e-03 6.149000022560358047e-03 -3.083799965679645538e-02
-5.625000223517417908e-03 5.913999862968921661e-03 -9.895999915897846222e-03
7.292999885976314545e-03 5.913999862968921661e-03 -9.895999915897846222e-03
-4.949999973177909851e-03 8.289000019431114197e-03 -9.895999915897846222e-03
7.292999885976314545e-03 8.289000019431114197e-03 -9.895999915897846222e-03
3.409999888390302658e-03 7.180999964475631714e-03 1.082300022244453430e-02
3.422999987378716469e-03 3.016999922692775726e-03 1.082300022244453430e-02
7.292999885976314545e-03 7.172000128775835037e-03 1.129699964076280594e-02
7.292999885976314545e-03 3.038000082597136497e-03 1.129699964076280594e-02
7.292999885976314545e-03 2.638000063598155975e-03 6.188999861478805542e-03
2.991999965161085129e-03 2.285999944433569908e-03 2.479000017046928406e-03
3.240999998524785042e-03 7.402000017464160919e-03 5.315000191330909729e-03
7.292999885976314545e-03 7.251999806612730026e-03 9.025000035762786865e-03
3.468000097200274467e-03 7.054999936372041702e-03 2.830399945378303528e-02
3.479999955743551254e-03 3.272000001743435860e-03 2.829900011420249939e-02
7.236000150442123413e-03 7.054999936372041702e-03 2.792100049555301666e-02
7.236000150442123413e-03 3.272000001743435860e-03 2.792100049555301666e-02
7.292999885976314545e-03 3.272000001743435860e-03 1.926499977707862854e-02
3.422999987378716469e-03 3.272000001743435860e-03 1.879099942743778229e-02
3.409999888390302658e-03 7.054999936372041702e-03 1.879099942743778229e-02
7.292999885976314545e-03 7.054999936372041702e-03 1.926499977707862854e-02
7.292999885976314545e-03 2.734000096097588539e-03 7.251999806612730026e-03
3.154000034555792809e-03 2.464999910444021225e-03 4.215999972075223923e-03
3.404000075533986092e-03 7.323999889194965363e-03 7.052999921143054962e-03
7.292999885976314545e-03 7.211999967694282532e-03 1.008899975568056107e-02
-5.431999918073415756e-03 5.913000088185071945e-03 -9.624999947845935822e-03
7.292999885976314545e-03 5.913000088185071945e-03 -9.530999697744846344e-03
-4.772999789565801620e-03 8.272999897599220276e-03 -9.624999947845935822e-03
7.292999885976314545e-03 8.267000317573547363e-03 -9.530999697744846344e-03
-4.949999973177909851e-03 8.317000232636928558e-03 -1.038200035691261292e-02
7.292999885976314545e-03 8.317000232636928558e-03 -1.038200035691261292e-02
-5.625000223517417908e-03 5.915000103414058685e-03 -1.038200035691261292e-02
7.292999885976314545e-03 5.915000103414058685e-03 -1.038200035691261292e-02
1.545000006444752216e-03 5.884000100195407867e-03 1.539999939268454909e-04
7.292999885976314545e-03 5.876999814063310623e-03 3.634999971836805344e-03
1.623000018298625946e-03 7.658000104129314423e-03 1.539999939268454909e-04
7.292999885976314545e-03 7.499000057578086853e-03 3.634999971836805344e-03
6.465000100433826447e-03 7.054999936372041702e-03 3.363899886608123779e-02
6.477000191807746887e-03 3.272000001743435860e-03 3.363300114870071411e-02
9.991999715566635132e-03 7.054999936372041702e-03 3.122800029814243317e-02
9.991999715566635132e-03 3.272000001743435860e-03 3.122800029814243317e-02
1.054900046437978745e-02 7.054000161588191986e-03 3.593700006604194641e-02
1.055799983441829681e-02 3.270999994128942490e-03 3.592700138688087463e-02
1.954399980604648590e-02 7.054000161588191986e-03 3.561900183558464050e-02
1.954399980604648590e-02 3.270999994128942490e-03 3.561900183558464050e-02
1.251600030809640884e-02 7.048999890685081482e-03 7.750199735164642334e-02
1.252999994903802872e-02 3.266999963670969009e-03 7.750000059604644775e-02
1.893400028347969055e-02 7.048999890685081482e-03 7.749000191688537598e-02
1.893400028347969055e-02 3.266999963670969009e-03 7.749000191688537598e-02
2.652800083160400391e-02 7.054000161588191986e-03 3.995599970221519470e-02
2.652800083160400391e-02 3.270999994128942490e-03 3.995599970221519470e-02
4.594000056385993958e-03 7.054000161588191986e-03 3.978300094604492188e-02
4.664000123739242554e-03 3.270999994128942490e-03 3.977800160646438599e-02
3.002200089395046234e-02 7.052000146359205246e-03 6.483200192451477051e-02
1.112999976612627506e-03 7.052000146359205246e-03 6.474799662828445435e-02
3.002200089395046234e-02 3.268999978899955750e-03 6.483200192451477051e-02
1.154999947175383568e-03 3.268999978899955750e-03 6.474500149488449097e-02
2.632400020956993103e-02 7.050000131130218506e-03 7.313200086355209351e-02
4.209999926388263702e-03 7.050000131130218506e-03 7.270199805498123169e-02
2.632400020956993103e-02 3.266999963670969009e-03 7.313200086355209351e-02
4.240000154823064804e-03 3.266999963670969009e-03 7.270000129938125610e-02
2.991800010204315186e-02 3.269999986514449120e-03 4.670099914073944092e-02
1.093999948352575302e-03 3.269999986514449120e-03 4.686800017952919006e-02
2.991800010204315186e-02 7.052999921143054962e-03 4.670099914073944092e-02
1.030000043101608753e-03 7.052999921143054962e-03 4.687200114130973816e-02
1.186500024050474167e-02 7.054000161588191986e-03 3.970399871468544006e-02
1.875800080597400665e-02 7.054000161588191986e-03 3.944500163197517395e-02
1.187200006097555161e-02 3.270999994128942490e-03 3.969600051641464233e-02
1.875800080597400665e-02 3.270999994128942490e-03 3.944500163197517395e-02
1.314300019294023514e-02 7.048999890685081482e-03 7.356899976730346680e-02
1.806000061333179474e-02 7.048999890685081482e-03 7.355999946594238281e-02
1.315299980342388153e-02 3.266999963670969009e-03 7.356800138950347900e-02
1.806000061333179474e-02 3.266999963670969009e-03 7.355999946594238281e-02
2.372200042009353638e-02 7.050000131130218506e-03 7.000900059938430786e-02
2.400399930775165558e-02 3.270999994128942490e-03 4.297799989581108093e-02
6.777999922633171082e-03 7.050000131130218506e-03 6.965799629688262939e-02
7.125999778509140015e-03 3.270999994128942490e-03 4.283300042152404785e-02
2.400399930775165558e-02 7.054000161588191986e-03 4.297799989581108093e-02
2.660199999809265137e-02 3.269999986514449120e-03 4.847399890422821045e-02
7.073000073432922363e-03 7.054000161588191986e-03 4.283700138330459595e-02
4.391000140458345413e-03 3.269999986514449120e-03 4.861000180244445801e-02
2.660199999809265137e-02 7.052999921143054962e-03 4.847399890422821045e-02
2.655600011348724365e-02 7.052000146359205246e-03 6.324599683284759521e-02
4.342000000178813934e-03 7.052999921143054962e-03 4.861300066113471985e-02
4.404999781399965286e-03 7.052000146359205246e-03 6.317800283432006836e-02
2.372200042009353638e-02 3.266999963670969009e-03 7.000900059938430786e-02
2.655600011348724365e-02 3.268999978899955750e-03 6.324599683284759521e-02
6.802000105381011963e-03 3.266999963670969009e-03 6.965699791908264160e-02
4.437999799847602844e-03 3.268999978899955750e-03 6.317500025033950806e-02
-5.660000024363398552e-04 5.712000187486410141e-03 1.271000015549361706e-03
-5.518000107258558273e-03 5.721000023186206818e-03 5.138999782502651215e-03
-5.779999773949384689e-04 2.984999911859631538e-03 1.271000015549361706e-03
-5.518000107258558273e-03 3.717999905347824097e-03 5.138999782502651215e-03
6.575000006705522537e-03 3.289999905973672867e-03 -9.666999801993370056e-03
-5.518000107258558273e-03 3.309000050649046898e-03 -9.587000124156475067e-03
7.236999925225973129e-03 5.681000184267759323e-03 -9.666999801993370056e-03
-5.518000107258558273e-03 5.681000184267759323e-03 -9.587000124156475067e-03
7.029999978840351105e-03 5.681000184267759323e-03 -9.376999922096729279e-03
-5.518000107258558273e-03 5.681999959051609039e-03 -9.197000414133071899e-03
6.384999956935644150e-03 3.272000001743435860e-03 -9.376999922096729279e-03
-5.518000107258558273e-03 3.314000088721513748e-03 -9.197000414133071899e-03
