1.974999904632568359e-03 -5.731000099331140518e-03 -4.180900007486343384e-02
6.494999863207340240e-03 -5.729000084102153778e-03 -4.180900007486343384e-02
4.217000212520360947e-03 -5.698000080883502960e-03 -3.971200063824653625e-02
4.234000109136104584e-03 -6.500000134110450745e-03 -4.180900007486343384e-02
4.255999810993671417e-03 2.127999905496835709e-03 -4.390700161457061768e-02
4.236000124365091324e-03 2.987999934703111649e-03 -4.180900007486343384e-02
4.257000051438808441e-03 -1.855000038631260395e-03 -4.390700161457061768e-02
4.219000227749347687e-03 2.088000066578388214e-03 -3.971200063824653625e-02
6.490000057965517044e-03 2.115000039339065552e-03 -4.180900007486343384e-02
1.972999889403581619e-03 2.120000077411532402e-03 -4.180900007486343384e-02
4.253999795764684677e-03 -5.737999919801950455e-03 -4.390700161457061768e-02
4.219000227749347687e-03 -1.854000031016767025e-03 -3.971200063824653625e-02
6.498000118881464005e-03 -1.855000038631260395e-03 -4.180900007486343384e-02
1.972000114619731903e-03 -1.855000038631260395e-03 -4.180900007486343384e-02
2.547000069171190262e-03 -5.712000187486410141e-03 -4.023599997162818909e-02
2.540000015869736671e-03 2.776999957859516144e-03 -4.180900007486343384e-02
4.222999792546033859e-03 2.748999977484345436e-03 -4.023599997162818909e-02
2.541000023484230042e-03 -6.314999889582395554e-03 -4.180900007486343384e-02
4.220999777317047119e-03 -6.285999901592731476e-03 -4.023599997162818909e-02
2.531999954953789711e-03 2.131999935954809189e-03 -4.338299855589866638e-02
4.248999990522861481e-03 -6.320999935269355774e-03 -4.338299855589866638e-02
4.251000005751848221e-03 2.784000011160969734e-03 -4.338299855589866638e-02
5.894999951124191284e-03 -5.710000172257423401e-03 -4.023599997162818909e-02
5.925000179558992386e-03 2.770999912172555923e-03 -4.180900007486343384e-02
5.927999969571828842e-03 -6.312000099569559097e-03 -4.180900007486343384e-02
5.962000228464603424e-03 2.125999890267848969e-03 -4.338299855589866638e-02
2.547000069171190262e-03 2.100999932736158371e-03 -4.023599997162818909e-02
2.531999954953789711e-03 -1.855000038631260395e-03 -4.338299855589866638e-02
5.892000161111354828e-03 2.095999894663691521e-03 -4.023599997162818909e-02
5.969000048935413361e-03 -1.855000038631260395e-03 -4.338299855589866638e-02
4.257000051438808441e-03 6.910000229254364967e-04 -4.390700161457061768e-02
4.219000227749347687e-03 6.660000071860849857e-04 -3.971200063824653625e-02
6.494999863207340240e-03 6.830000202171504498e-04 -4.180900007486343384e-02
1.972000114619731903e-03 6.859999848529696465e-04 -4.180900007486343384e-02
2.546000061556696892e-03 -1.855000038631260395e-03 -4.023599997162818909e-02
5.896999966353178024e-03 -1.854000031016767025e-03 -4.023599997162818909e-02
2.532999962568283081e-03 -5.743000190705060959e-03 -4.338299855589866638e-02
5.965999793261289597e-03 -5.739999935030937195e-03 -4.338299855589866638e-02
4.255999810993671417e-03 -4.375999793410301208e-03 -4.390700161457061768e-02
4.219000227749347687e-03 -4.348999820649623871e-03 -3.971200063824653625e-02
6.496000103652477264e-03 -4.370000213384628296e-03 -4.180900007486343384e-02
1.972999889403581619e-03 -4.370999988168478012e-03 -4.180900007486343384e-02
2.981000114232301712e-03 2.590999938547611237e-03 -4.064400121569633484e-02
2.981999889016151428e-03 -6.147000007331371307e-03 -4.064400121569633484e-02
2.979000099003314972e-03 -6.173000205308198929e-03 -4.297500103712081909e-02
2.979000099003314972e-03 2.615999896079301834e-03 -4.297500103712081909e-02
5.466999951750040054e-03 2.583999885246157646e-03 -4.064400121569633484e-02
5.466999951750040054e-03 -6.144999992102384567e-03 -4.064400121569633484e-02
5.512000061571598053e-03 -6.169999949634075165e-03 -4.297500103712081909e-02
5.510000046342611313e-03 2.609000075608491898e-03 -4.297500103712081909e-02
2.546000061556696892e-03 6.750000175088644028e-04 -4.023599997162818909e-02
2.531999954953789711e-03 6.939999875612556934e-04 -4.338299855589866638e-02
5.894999951124191284e-03 6.709999870508909225e-04 -4.023599997162818909e-02
5.965999793261289597e-03 6.900000153109431267e-04 -4.338299855589866638e-02
2.547000069171190262e-03 -4.358999896794557571e-03 -4.023599997162818909e-02
5.896000191569328308e-03 -4.356999881565570831e-03 -4.023599997162818909e-02
2.532999962568283081e-03 -4.379000049084424973e-03 -4.338299855589866638e-02
5.967000033706426620e-03 -4.377000033855438232e-03 -4.338299855589866638e-02
1.115999999456107616e-03 -6.849999772384762764e-04 2.696299925446510315e-02
1.104000024497509003e-03 -3.978000022470951080e-03 2.695799991488456726e-02
-2.240000059828162193e-03 -6.849999772384762764e-04 2.663300000131130219e-02
-2.242000075057148933e-03 -3.978000022470951080e-03 2.663300000131130219e-02
-1.370999962091445923e-03 -4.251999780535697937e-03 4.391999915242195129e-03
2.006999915465712547e-03 -4.238999914377927780e-03 4.526999779045581818e-03
2.007999923080205917e-03 -1.829999964684247971e-04 4.526999779045581818e-03
-1.369999954476952553e-03 -1.749999937601387501e-04 4.391999915242195129e-03
-1.848999992944300175e-03 -6.849999772384762764e-04 3.155599907040596008e-02
-1.860999967902898788e-03 -3.978000022470951080e-03 3.155099973082542419e-02
-4.920000210404396057e-03 -6.849999772384762764e-04 2.947999909520149231e-02
-4.920999985188245773e-03 -3.978000022470951080e-03 2.947999909520149231e-02
-5.609000101685523987e-03 -6.849999772384762764e-04 3.353400155901908875e-02
-5.619000177830457687e-03 -3.978999797254800797e-03 3.352599963545799255e-02
-1.342200022190809250e-02 -6.849999772384762764e-04 3.326100111007690430e-02
-1.342200022190809250e-02 -3.978999797254800797e-03 3.326100111007690430e-02
-8.527999743819236755e-03 -6.900000153109431267e-04 6.932199746370315552e-02
-8.539999835193157196e-03 -3.982999827712774277e-03 6.932000070810317993e-02
-1.411500014364719391e-02 -6.900000153109431267e-04 6.931199878454208374e-02
-1.411500014364719391e-02 -3.982999827712774277e-03 6.931199878454208374e-02
-1.976699940860271454e-02 -6.859999848529696465e-04 3.699500113725662231e-02
-1.976699940860271454e-02 -3.978999797254800797e-03 3.699500113725662231e-02
-6.520000169984996319e-04 -6.859999848529696465e-04 3.684600070118904114e-02
-7.130000158213078976e-04 -3.978999797254800797e-03 3.684100136160850525e-02
-2.357999980449676514e-02 -6.880000000819563866e-04 5.841299891471862793e-02
1.589999999850988388e-03 -6.880000000819563866e-04 5.834100022912025452e-02
-2.357999980449676514e-02 -3.980999812483787537e-03 5.841299891471862793e-02
1.552999950945377350e-03 -3.980999812483787537e-03 5.833800137042999268e-02
-2.048600092530250549e-02 -6.890000076964497566e-04 6.555899977684020996e-02
-1.224000006914138794e-03 -6.890000076964497566e-04 6.518899649381637573e-02
-2.048600092530250549e-02 -3.982000052928924561e-03 6.555899977684020996e-02
-1.250999979674816132e-03 -3.982000052928924561e-03 6.518699973821640015e-02
-2.297700010240077972e-02 -3.980000037699937820e-03 4.280199855566024780e-02
2.121000085026025772e-03 -3.980000037699937820e-03 4.294599965214729309e-02
-2.297700010240077972e-02 -6.869999924674630165e-04 4.280199855566024780e-02
2.177000045776367188e-03 -6.869999924674630165e-04 4.294899851083755493e-02
-6.839999929070472717e-03 -6.849999772384762764e-04 3.677700087428092957e-02
-1.283499971032142639e-02 -6.849999772384762764e-04 3.655499964952468872e-02
-6.849000230431556702e-03 -3.978999797254800797e-03 3.677099943161010742e-02
-1.283499971032142639e-02 -3.978999797254800797e-03 3.655499964952468872e-02
-9.073999710381031036e-03 -6.900000153109431267e-04 6.593599915504455566e-02
-1.335499994456768036e-02 -6.900000153109431267e-04 6.592699885368347168e-02
-9.083000011742115021e-03 -3.982999827712774277e-03 6.593400239944458008e-02
-1.335499994456768036e-02 -3.982999827712774277e-03 6.592699885368347168e-02
-1.824299991130828857e-02 -6.890000076964497566e-04 6.287000328302383423e-02
-1.766999997198581696e-02 -3.978999797254800797e-03 3.959700092673301697e-02
-3.481999970972537994e-03 -6.890000076964497566e-04 6.256800144910812378e-02
-2.957999939098954201e-03 -3.978999797254800797e-03 3.947199881076812744e-02
-1.766999997198581696e-02 -6.859999848529696465e-04 3.959700092673301697e-02
-2.016999945044517517e-02 -3.980000037699937820e-03 4.432800039649009705e-02
-2.911000046879053116e-03 -6.859999848529696465e-04 3.947599977254867554e-02
-8.280000183731317520e-04 -3.980000037699937820e-03 4.444599896669387817e-02
-2.016999945044517517e-02 -6.869999924674630165e-04 4.432800039649009705e-02
-2.058300003409385681e-02 -6.880000000819563866e-04 5.704699829220771790e-02
-7.859999896027147770e-04 -6.869999924674630165e-04 4.444900155067443848e-02
-1.291000051423907280e-03 -6.880000000819563866e-04 5.698899924755096436e-02
-1.824299991130828857e-02 -3.982000052928924561e-03 6.287000328302383423e-02
-2.058300003409385681e-02 -3.980999812483787537e-03 5.704699829220771790e-02
-3.501999890431761742e-03 -3.982000052928924561e-03 6.256700307130813599e-02
-1.319000031799077988e-03 -3.980999812483787537e-03 5.698699876666069031e-02
2.879000036045908928e-03 -5.301999859511852264e-03 -2.160600014030933380e-02
-1.696399971842765808e-02 -2.366000087931752205e-03 -1.099969968199729919e-01
-1.696399971842765808e-02 -1.831999979913234711e-03 -1.099969968199729919e-01
2.866999944671988487e-03 -1.875999965704977512e-03 -2.160600014030933380e-02
-1.182000036351382732e-03 -4.523999989032745361e-03 -1.814899966120719910e-02
-1.788699999451637268e-02 -1.871000044047832489e-03 -1.105950027704238892e-01
-1.788699999451637268e-02 -1.831999979913234711e-03 -1.105950027704238892e-01
-1.182000036351382732e-03 -1.872000051662325859e-03 -1.814899966120719910e-02
9.507999755442142487e-03 -4.393999930471181870e-03 -4.786700010299682617e-02
1.004999969154596329e-02 -1.892999978736042976e-03 -4.786700010299682617e-02
-3.610000130720436573e-04 -4.393999930471181870e-03 -4.786700010299682617e-02
-3.670000005513429642e-04 -1.892999978736042976e-03 -4.786700010299682617e-02
9.550999850034713745e-03 -4.393999930471181870e-03 -4.871800169348716736e-02
-3.900000010617077351e-04 -2.062000101432204247e-03 -4.871800169348716736e-02
1.009699981659650803e-02 -1.892999978736042976e-03 -4.871800169348716736e-02
-3.900000010617077351e-04 -1.892999978736042976e-03 -4.871800169348716736e-02
-1.431600004434585571e-02 -2.876000013202428818e-03 -1.069689989089965820e-01
-1.630499958992004395e-02 -1.871000044047832489e-03 -1.062270030379295349e-01
-1.386700011789798737e-02 -1.831999979913234711e-03 -1.071360036730766296e-01
-1.630499958992004395e-02 -1.831999979913234711e-03 -1.062270030379295349e-01
1.008499972522258759e-02 -1.892999978736042976e-03 -4.849699884653091431e-02
-3.840000135824084282e-04 -1.892999978736042976e-03 -4.849699884653091431e-02
9.539999999105930328e-03 -4.393999930471181870e-03 -4.849699884653091431e-02
-3.779999969992786646e-04 -4.393999930471181870e-03 -4.849699884653091431e-02
1.008099969476461411e-02 -1.892999978736042976e-03 -4.961400106549263000e-02
4.980000085197389126e-04 -1.892999978736042976e-03 -4.961400106549263000e-02
9.530999697744846344e-03 -4.391000140458345413e-03 -4.961400106549263000e-02
4.980000085197389126e-04 -2.061000093817710876e-03 -4.961400106549263000e-02
1.014600042253732681e-02 -1.887000049464404583e-03 -3.158299997448921204e-02
-1.246000058017671108e-03 -1.887000049464404583e-03 -3.158299997448921204e-02
9.553000330924987793e-03 -4.265999887138605118e-03 -3.158299997448921204e-02
-1.245000050403177738e-03 -4.265000112354755402e-03 -3.158299997448921204e-02
2.198999980464577675e-03 -4.815000109374523163e-03 -1.374400034546852112e-02
2.186999889090657234e-03 1.080999965779483318e-03 -1.374400034546852112e-02
-1.182000036351382732e-03 -4.803999792784452438e-03 -1.333600003272294998e-02
-1.182000036351382732e-03 1.069999998435378075e-03 -1.333600003272294998e-02
-1.182000036351382732e-03 1.035999972373247147e-03 -1.655899919569492340e-02
2.487000077962875366e-03 1.052999985404312611e-03 -1.975400000810623169e-02
2.498999936506152153e-03 -5.208999849855899811e-03 -1.975400000810623169e-02
-1.182000036351382732e-03 -4.449000116437673569e-03 -1.655899919569492340e-02
-1.182000036351382732e-03 9.319999953731894493e-04 -1.459699962288141251e-02
2.271000063046813011e-03 1.041000010445713997e-03 -1.768199913203716278e-02
2.282999921590089798e-03 -5.096000153571367264e-03 -1.768199913203716278e-02
-1.182000036351382732e-03 -4.879000131040811539e-03 -1.459699962288141251e-02
5.911000072956085205e-03 4.649999900721013546e-04 -2.160600014030933380e-02
-1.885700039565563202e-02 -1.194000011309981346e-03 -1.092910021543502808e-01
-1.885700039565563202e-02 -1.729000010527670383e-03 -1.092910021543502808e-01
5.923000164330005646e-03 -1.665999996475875378e-03 -2.160600014030933380e-02
9.971999563276767731e-03 3.600000054575502872e-04 -1.814899966120719910e-02
-1.766500063240528107e-02 -1.689000055193901062e-03 -1.106780022382736206e-01
-1.766500063240528107e-02 -1.729000010527670383e-03 -1.106780022382736206e-01
9.971999563276767731e-03 -1.671000034548342228e-03 -1.814899966120719910e-02
9.400000271853059530e-05 8.549999911338090897e-04 -4.786700010299682617e-02
-4.539999936241656542e-04 -1.646999968215823174e-03 -4.786700010299682617e-02
9.952999651432037354e-03 8.549999911338090897e-04 -4.786700010299682617e-02
9.964000433683395386e-03 -1.646999968215823174e-03 -4.786700010299682617e-02
7.400000322377309203e-05 8.539999835193157196e-04 -4.871800169348716736e-02
1.001099962741136551e-02 -1.476999954320490360e-03 -4.871800169348716736e-02
-4.780000017490237951e-04 -1.646999968215823174e-03 -4.871800169348716736e-02
1.001099962741136551e-02 -1.646999968215823174e-03 -4.871800169348716736e-02
-1.741600036621093750e-02 -6.849999772384762764e-04 -1.058129966259002686e-01
-1.487599965184926987e-02 -1.689000055193901062e-03 -1.067600026726722717e-01
-1.786400005221366882e-02 -1.729000010527670383e-03 -1.056459993124008179e-01
-1.487599965184926987e-02 -1.729000010527670383e-03 -1.067600026726722717e-01
-4.710000066552311182e-04 -1.646999968215823174e-03 -4.849699884653091431e-02
9.998999536037445068e-03 -1.646999968215823174e-03 -4.849699884653091431e-02
7.899999764049425721e-05 8.549999911338090897e-04 -4.849699884653091431e-02
9.987999685108661652e-03 8.549999911338090897e-04 -4.849699884653091431e-02
-4.360000020824372768e-04 -1.646999968215823174e-03 -4.961400106549263000e-02
8.759999647736549377e-03 -1.646999968215823174e-03 -4.961400106549263000e-02
1.189999966300092638e-04 8.510000188834965229e-04 -4.961400106549263000e-02
8.759999647736549377e-03 -1.478999969549477100e-03 -4.961400106549263000e-02
-1.340999966487288475e-03 -1.653000013902783394e-03 -3.158299997448921204e-02
1.005200017243623734e-02 -1.653000013902783394e-03 -3.158299997448921204e-02
-7.430000114254653454e-04 7.259999983943998814e-04 -3.158299997448921204e-02
1.004900038242340088e-02 7.259999983943998814e-04 -3.158299997448921204e-02
6.591000128537416458e-03 1.849999971454963088e-04 -1.374400034546852112e-02
6.601999979466199875e-03 -5.706000141799449921e-03 -1.374400034546852112e-02
9.971999563276767731e-03 1.780000020517036319e-04 -1.333600003272294998e-02
9.971999563276767731e-03 -5.683999974280595779e-03 -1.333600003272294998e-02
9.971999563276767731e-03 -6.014999933540821075e-03 -1.773400045931339264e-02
6.227000150829553604e-03 -5.669999867677688599e-03 -2.092799916863441467e-02
6.444000173360109329e-03 3.610000130720436573e-04 -1.848600059747695923e-02
9.971999563276767731e-03 2.530000056140124798e-04 -1.529200002551078796e-02
7.627999875694513321e-03 -6.849999772384762764e-04 2.696299925446510315e-02
7.641000207513570786e-03 -3.978000022470951080e-03 2.695799991488456726e-02
1.098600029945373535e-02 -6.849999772384762764e-04 2.663300000131130219e-02
1.098699960857629776e-02 -3.978000022470951080e-03 2.663300000131130219e-02
1.013800036162137985e-02 -4.490999970585107803e-03 4.391999915242195129e-03
6.765999831259250641e-03 -4.480000119656324387e-03 4.526999779045581818e-03
6.752999965101480484e-03 -4.320000007282942533e-04 4.526999779045581818e-03
1.013700012117624283e-02 -4.250000056345015764e-04 4.391999915242195129e-03
9.971999563276767731e-03 -5.948000121861696243e-03 -1.681800000369548798e-02
6.368000060319900513e-03 -5.568999797105789185e-03 -1.943299919366836548e-02
6.585000082850456238e-03 3.079999878536909819e-04 -1.699000038206577301e-02
9.971999563276767731e-03 2.180000010412186384e-04 -1.437599956989288330e-02
-1.166000030934810638e-03 -1.653000013902783394e-03 -3.135000169277191162e-02
1.004299987107515335e-02 -1.653000013902783394e-03 -3.126899898052215576e-02
-5.830000154674053192e-04 7.229999755509197712e-04 -3.135000169277191162e-02
1.004100032150745392e-02 7.220000261440873146e-04 -3.126899898052215576e-02
-7.510000141337513924e-04 7.319999858736991882e-04 -3.200199827551841736e-02
1.006199978291988373e-02 7.319999858736991882e-04 -3.200199827551841736e-02
-1.350000035017728806e-03 -1.652000006288290024e-03 -3.200199827551841736e-02
1.006499957293272018e-02 -1.652000006288290024e-03 -3.200199827551841736e-02
4.966999869793653488e-03 -1.663999981246888638e-03 -2.292999997735023499e-02
9.971999563276767731e-03 -1.668000011704862118e-03 -1.993300020694732666e-02
5.034999921917915344e-03 4.990000161342322826e-04 -2.293100021779537201e-02
9.971999563276767731e-03 4.239999980200082064e-04 -1.993300020694732666e-02
1.049999985843896866e-02 -6.849999772384762764e-04 3.155599907040596008e-02
1.051199994981288910e-02 -3.978000022470951080e-03 3.155099973082542419e-02
1.357099972665309906e-02 -6.849999772384762764e-04 2.947999909520149231e-02
1.357300020754337311e-02 -3.978000022470951080e-03 2.947999909520149231e-02
1.426099985837936401e-02 -6.849999772384762764e-04 3.353400155901908875e-02
1.427100040018558502e-02 -3.978999797254800797e-03 3.352599963545799255e-02
2.207400090992450714e-02 -6.849999772384762764e-04 3.326100111007690430e-02
2.207400090992450714e-02 -3.978999797254800797e-03 3.326100111007690430e-02
1.718099974095821381e-02 -6.900000153109431267e-04 6.932199746370315552e-02
1.719300076365470886e-02 -3.982999827712774277e-03 6.932000070810317993e-02
2.276900038123130798e-02 -6.900000153109431267e-04 6.931199878454208374e-02
2.276900038123130798e-02 -3.982999827712774277e-03 6.931199878454208374e-02
2.841899916529655457e-02 -6.859999848529696465e-04 3.699500113725662231e-02
2.841899916529655457e-02 -3.978999797254800797e-03 3.699500113725662231e-02
9.304000064730644226e-03 -6.859999848529696465e-04 3.684600070118904114e-02
9.364999830722808838e-03 -3.978999797254800797e-03 3.684100136160850525e-02
3.223299980163574219e-02 -6.880000000819563866e-04 5.841299891471862793e-02
7.062999997287988663e-03 -6.880000000819563866e-04 5.834100022912025452e-02
3.223299980163574219e-02 -3.980999812483787537e-03 5.841299891471862793e-02
7.100000046193599701e-03 -3.980999812483787537e-03 5.833800137042999268e-02
2.913900092244148254e-02 -6.890000076964497566e-04 6.555899977684020996e-02
9.877000004053115845e-03 -6.890000076964497566e-04 6.518899649381637573e-02
2.913900092244148254e-02 -3.982000052928924561e-03 6.555899977684020996e-02
9.903999976813793182e-03 -3.982000052928924561e-03 6.518699973821640015e-02
3.162899985909461975e-02 -3.980000037699937820e-03 4.280199855566024780e-02
6.531000137329101562e-03 -3.980000037699937820e-03 4.294599965214729309e-02
3.162899985909461975e-02 -6.869999924674630165e-04 4.280199855566024780e-02
6.475000176578760147e-03 -6.869999924674630165e-04 4.294899851083755493e-02
1.549199968576431274e-02 -6.849999772384762764e-04 3.677700087428092957e-02
2.148599922657012939e-02 -6.849999772384762764e-04 3.655499964952468872e-02
1.549999974668025970e-02 -3.978999797254800797e-03 3.677099943161010742e-02
2.148599922657012939e-02 -3.978999797254800797e-03 3.655499964952468872e-02
1.772700063884258270e-02 -6.900000153109431267e-04 6.593599915504455566e-02
2.200799994170665741e-02 -6.900000153109431267e-04 6.592699885368347168e-02
1.773599907755851746e-02 -3.982999827712774277e-03 6.593400239944458008e-02
2.200799994170665741e-02 -3.982999827712774277e-03 6.592699885368347168e-02
2.689599990844726562e-02 -6.890000076964497566e-04 6.287000328302383423e-02
2.632199972867965698e-02 -3.978999797254800797e-03 3.959700092673301697e-02
1.213499996811151505e-02 -6.890000076964497566e-04 6.256800144910812378e-02
1.161000039428472519e-02 -3.978999797254800797e-03 3.947199881076812744e-02
2.632199972867965698e-02 -6.859999848529696465e-04 3.959700092673301697e-02
2.882299944758415222e-02 -3.980000037699937820e-03 4.432800039649009705e-02
1.156300026923418045e-02 -6.859999848529696465e-04 3.947599977254867554e-02
9.480999782681465149e-03 -3.980000037699937820e-03 4.444599896669387817e-02
2.882299944758415222e-02 -6.869999924674630165e-04 4.432800039649009705e-02
2.923600003123283386e-02 -6.880000000819563866e-04 5.704699829220771790e-02
9.437999688088893890e-03 -6.869999924674630165e-04 4.444900155067443848e-02
9.944000281393527985e-03 -6.880000000819563866e-04 5.698899924755096436e-02
2.689599990844726562e-02 -3.982000052928924561e-03 6.287000328302383423e-02
2.923600003123283386e-02 -3.980999812483787537e-03 5.704699829220771790e-02
1.215600036084651947e-02 -3.982000052928924561e-03 6.256700307130813599e-02
9.971999563276767731e-03 -3.980999812483787537e-03 5.698699876666069031e-02
3.129000077024102211e-03 -1.875999965704977512e-03 -2.196899987757205963e-02
-1.182000036351382732e-03 -1.872000051662325859e-03 -1.863799989223480225e-02
3.119000000879168510e-03 -5.268999841064214706e-03 -2.196899987757205963e-02
-1.182000036351382732e-03 -4.523999989032745361e-03 -1.863799989223480225e-02
9.414999745786190033e-03 -4.292000085115432739e-03 -3.138599917292594910e-02
-1.239000004716217518e-03 -4.275999963283538818e-03 -3.131699934601783752e-02
9.996999986469745636e-03 -1.887000049464404583e-03 -3.138599917292594910e-02
-1.241000019945204258e-03 -1.887000049464404583e-03 -3.131699934601783752e-02
9.809000417590141296e-03 -1.886000041849911213e-03 -3.113600052893161774e-02
-1.234999974258244038e-03 -1.886000041849911213e-03 -3.098100051283836365e-02
9.243000298738479614e-03 -4.323999863117933273e-03 -3.113600052893161774e-02
-1.232999959029257298e-03 -4.288999829441308975e-03 -3.098100051283836365e-02
9.135000407695770264e-03 -4.244999960064888000e-03 -5.807799845933914185e-02
7.406000047922134399e-03 -3.930999897420406342e-03 -6.677199900150299072e-02
4.348000045865774155e-03 -3.561000106856226921e-03 -7.534100115299224854e-02
4.290000069886445999e-04 -3.243000013753771782e-03 -8.371599763631820679e-02
-3.920999821275472641e-03 -3.001000033691525459e-03 -9.182299673557281494e-02
-8.661000058054924011e-03 -2.882000058889389038e-03 -9.959600120782852173e-02
5.499999970197677612e-04 -2.036999911069869995e-03 -5.789399892091751099e-02
-4.279999993741512299e-04 -1.998000079765915871e-03 -6.627699732780456543e-02
-2.318999962881207466e-03 -1.957000000402331352e-03 -7.462000101804733276e-02
-4.887999966740608215e-03 -1.919999951496720314e-03 -8.285299688577651978e-02
-7.941000163555145264e-03 -1.891999971121549606e-03 -9.091000258922576904e-02
-1.155799999833106995e-02 -1.876999973319470882e-03 -9.872499853372573853e-02
-8.190000429749488831e-03 -1.831999979913234711e-03 -9.973800182342529297e-02
-3.412999911233782768e-03 -1.837000017985701561e-03 -9.193799644708633423e-02
9.800000116229057312e-04 -1.846999977715313435e-03 -8.380299806594848633e-02
4.931000061333179474e-03 -1.859999960288405418e-03 -7.540199905633926392e-02
8.009999990463256836e-03 -1.874999958090484142e-03 -6.680499762296676636e-02
9.717999957501888275e-03 -1.887000049464404583e-03 -5.808600038290023804e-02
-1.155799999833106995e-02 -1.831999979913234711e-03 -9.872499853372573853e-02
-7.941000163555145264e-03 -1.837000017985701561e-03 -9.091000258922576904e-02
-4.887999966740608215e-03 -1.847999985329806805e-03 -8.285299688577651978e-02
-2.318999962881207466e-03 -1.860999967902898788e-03 -7.462000101804733276e-02
-4.290000069886445999e-04 -1.875999965704977512e-03 -6.627699732780456543e-02
5.499999970197677612e-04 -1.887000049464404583e-03 -5.789399892091751099e-02
9.999999974752427079e-07 7.089999853633344173e-04 -5.787900090217590332e-02
-1.144999987445771694e-03 4.109999863430857658e-04 -6.622699648141860962e-02
-3.168999915942549706e-03 5.099999907542951405e-05 -7.452200353145599365e-02
-5.824000108987092972e-03 -2.880000101868063211e-04 -8.269499987363815308e-02
-8.940000087022781372e-03 -5.460000247694551945e-04 -9.067899733781814575e-02
-1.260100025683641434e-02 -6.760000251233577728e-04 -9.840700030326843262e-02
8.330999873578548431e-03 -1.505999942310154438e-03 -5.806799978017807007e-02
6.583000067621469498e-03 -1.551000052131712437e-03 -6.672599911689758301e-02
3.561000106856226921e-03 -1.597999944351613522e-03 -7.526200264692306519e-02
-2.920000115409493446e-04 -1.638000016100704670e-03 -8.360300213098526001e-02
-4.588000010699033737e-03 -1.668000011704862118e-03 -9.167800098657608032e-02
-9.270999580621719360e-03 -1.684000017121434212e-03 -9.941799938678741455e-02
-1.307000033557415009e-02 -1.728000002913177013e-03 -9.826400130987167358e-02
-9.445999749004840851e-03 -1.721999957226216793e-03 -9.056200087070465088e-02
-6.382999941706657410e-03 -1.707999967038631439e-03 -8.260300010442733765e-02
-3.757999977096915245e-03 -1.689999946393072605e-03 -7.445500046014785767e-02
-1.746000023558735847e-03 -1.671000034548342228e-03 -6.618499755859375000e-02
-5.840000230818986893e-04 -1.655000029131770134e-03 -5.786300078034400940e-02
-9.270999580621719360e-03 -1.729000010527670383e-03 -9.941799938678741455e-02
-4.588000010699033737e-03 -1.721999957226216793e-03 -9.167800098657608032e-02
-2.920000115409493446e-04 -1.708999974653124809e-03 -8.360300213098526001e-02
3.561000106856226921e-03 -1.691999961622059345e-03 -7.526200264692306519e-02
6.583999842405319214e-03 -1.672000042162835598e-03 -6.672599911689758301e-02
8.330999873578548431e-03 -1.655000029131770134e-03 -5.806799978017807007e-02
