-8.495000191032886505e-03 4.509000107645988464e-03 -3.011799976229667664e-02
-1.001700013875961304e-02 -1.300000003539025784e-04 -2.689599990844726562e-02
-9.554999880492687225e-03 -2.690000110305845737e-04 -2.690899930894374847e-02
-1.521399989724159241e-02 4.629000090062618256e-03 6.035000085830688477e-03
-2.135699987411499023e-02 4.745999816805124283e-03 7.695999927818775177e-03
-1.646599918603897095e-02 4.300999920815229416e-03 5.028999876230955124e-03
-1.963699981570243835e-02 4.368000198155641556e-03 6.219999864697456360e-03
-1.935500092804431915e-02 4.273000173270702362e-03 8.546999655663967133e-03
-1.217299979180097580e-02 4.126000218093395233e-03 4.763000179082155228e-03
-1.363900024443864822e-02 4.230000078678131104e-03 2.955999923869967461e-03
-2.760300040245056152e-02 4.800000169780105352e-05 6.773000117391347885e-03
-3.047800064086914062e-02 5.300000193528831005e-04 5.977999884635210037e-03
-3.307599946856498718e-02 1.749999937601387501e-04 7.890000124461948872e-04
-2.928600087761878967e-02 4.360000020824372768e-04 4.098999779671430588e-03
-2.641299925744533539e-02 3.729999880306422710e-04 5.747999995946884155e-03
-3.332699835300445557e-02 6.290000164881348610e-04 3.054999979212880135e-03
-7.868000306189060211e-03 4.348999820649623871e-03 -5.299000069499015808e-03
-1.009199954569339752e-02 4.476999863982200623e-03 5.080000264570116997e-04
-8.882000111043453217e-03 3.967000171542167664e-03 -7.309000007808208466e-03
-8.442999795079231262e-03 -8.099999831756576896e-05 -3.680000081658363342e-03
-7.714999839663505554e-03 9.200000204145908356e-05 -4.242999944835901260e-03
-1.018599979579448700e-02 -1.720000000204890966e-04 4.959999932907521725e-04
-8.744999766349792480e-03 4.140000091865658760e-04 -9.103000164031982422e-03
-9.961999952793121338e-03 2.610000083222985268e-04 -3.548000007867813110e-03
-3.506100177764892578e-02 2.640000020619481802e-04 -7.102999836206436157e-03
-3.540899977087974548e-02 6.880000000819563866e-04 -1.111700013279914856e-02
-3.317600116133689880e-02 2.859999949578195810e-04 -1.396900042891502380e-02
-3.384900093078613281e-02 3.999999898951500654e-04 -3.129000077024102211e-03
-3.381200134754180908e-02 7.239999831654131413e-04 -1.639599911868572235e-02
-3.497000038623809814e-02 5.055999848991632462e-03 -7.081999909132719040e-03
-3.249799832701683044e-02 5.042999982833862305e-03 -1.527999993413686752e-02
-3.526299819350242615e-02 4.681999795138835907e-03 -1.145500037819147110e-02
-3.309800103306770325e-02 4.654999822378158569e-03 -1.085299998521804810e-02
-3.368199989199638367e-02 4.662000108510255814e-03 -1.636300049722194672e-02
-3.359099850058555603e-02 4.697000142186880112e-03 -6.310000084340572357e-03
-2.663699910044670105e-02 4.976000171154737473e-03 -2.238800004124641418e-02
-2.226199954748153687e-02 4.559000022709369659e-03 -2.446000091731548309e-02
-2.105499990284442902e-02 4.586999770253896713e-03 -2.260700054466724396e-02
-2.605500072240829468e-02 4.616000223904848099e-03 -2.111200056970119476e-02
-7.420000154525041580e-03 2.779999922495335340e-04 -2.067000046372413635e-02
-6.266999989748001099e-03 -4.199999966658651829e-05 -2.121100015938282013e-02
-3.251200169324874878e-02 3.187000053003430367e-03 -1.074399985373020172e-02
-3.114400058984756470e-02 3.831000067293643951e-03 -1.515999995172023773e-02
-3.277900069952011108e-02 1.169999944977462292e-03 -1.079600024968385696e-02
-3.292300179600715637e-02 3.172999946400523186e-03 -6.167999934405088425e-03
-3.146300092339515686e-02 1.094999955967068672e-03 -1.506900042295455933e-02
-3.324199840426445007e-02 1.088000019080936909e-03 -6.308999843895435333e-03
-8.700000122189521790e-03 1.852000015787780285e-03 -1.806000061333179474e-02
-8.444000035524368286e-03 3.213000018149614334e-03 -1.830900087952613831e-02
-8.957999758422374725e-03 2.590999938547611237e-03 -1.981700025498867035e-02
-8.476999588310718536e-03 1.142999972216784954e-03 -1.981000043451786041e-02
-9.397000074386596680e-03 2.614000113680958748e-03 -8.719000034034252167e-03
-1.051899977028369904e-02 1.630999962799251080e-03 -3.803000086918473244e-03
-9.300000034272670746e-03 1.367000048048794270e-03 -8.798000402748584747e-03
-1.025899965316057205e-02 3.524000057950615883e-03 -3.768000053241848946e-03
-2.871800027787685394e-02 1.935999956913292408e-03 3.631999948993325233e-03
-2.893500030040740967e-02 4.031999967992305756e-03 3.799000056460499763e-03
-3.091000020503997803e-02 3.103000111877918243e-03 1.237999997101724148e-03
-2.598699927330017090e-02 1.878999988548457623e-03 5.146999843418598175e-03
-2.615600079298019409e-02 3.971000202000141144e-03 5.381000228226184845e-03
-3.123700059950351715e-02 1.016000052914023399e-03 1.307999948039650917e-03
-1.248500030487775803e-02 -1.979999942705035210e-04 -2.564400061964988708e-02
-1.239200029522180557e-02 4.829999990761280060e-03 -2.562100067734718323e-02
-9.894999675452709198e-03 4.757000133395195007e-03 -2.688499912619590759e-02
-2.232000045478343964e-02 3.042000113055109978e-03 -2.153900079429149628e-02
-1.899000070989131927e-02 1.866000005975365639e-03 -2.193900011479854584e-02
-2.102500014007091522e-02 8.580000139772891998e-04 -2.218200080096721649e-02
-2.581899985671043396e-02 3.103999886661767960e-03 -2.046000026166439056e-02
-1.838500052690505981e-02 4.009999800473451614e-03 -2.227300032973289490e-02
-2.672800049185752869e-02 1.659999979892745614e-04 -2.240899950265884399e-02
-2.131699956953525543e-02 2.399999939370900393e-04 -2.425000071525573730e-02
-2.123999968171119690e-02 2.260000037495046854e-04 -2.287999913096427917e-02
-2.595799975097179413e-02 6.580000044777989388e-04 -2.092899940907955170e-02
-1.331400033086538315e-02 4.856999963521957397e-03 -2.420599944889545441e-02
-1.256600022315979004e-02 4.304999951273202896e-03 -2.253999933600425720e-02
-1.696700043976306915e-02 2.812999999150633812e-03 4.441000055521726608e-03
-1.998200081288814545e-02 2.872999990358948708e-03 5.534000229090452194e-03
-1.675900071859359741e-02 7.399999885819852352e-04 4.635000135749578476e-03
-1.425100024789571762e-02 2.758000046014785767e-03 2.517000073567032814e-03
-1.982899941504001617e-02 7.830000249668955803e-04 5.783999804407358170e-03
-1.401400007307529449e-02 7.210000185295939445e-04 2.639000071212649345e-03
-1.529899984598159790e-02 -1.769999944372102618e-04 6.010000128298997879e-03
-1.991200074553489685e-02 -9.300000237999483943e-05 7.782999891787767410e-03
-1.505600009113550186e-02 1.599999995960388333e-05 4.641999956220388412e-03
-1.241699978709220886e-02 2.260000037495046854e-04 4.912000149488449097e-03
-2.152400091290473938e-02 1.309999934164807200e-04 6.860000081360340118e-03
-2.751299925148487091e-02 4.865999799221754074e-03 6.794000044465065002e-03
-3.341300040483474731e-02 4.995999857783317566e-03 6.150000263005495071e-04
-3.044399991631507874e-02 4.470000043511390686e-03 6.035000085830688477e-03
-2.780199982225894928e-02 4.691000096499919891e-03 5.572000052779912949e-03
-3.152599930763244629e-02 4.621000029146671295e-03 1.551000052131712437e-03
-3.320299834012985229e-02 4.565999843180179596e-03 3.045999910682439804e-03
-5.049000028520822525e-03 1.272000023163855076e-03 -7.968100160360336304e-02
-3.256000112742185593e-03 1.306000049225986004e-03 -1.043189987540245056e-01
9.600000339560210705e-05 3.536999924108386040e-03 -1.059250012040138245e-01
1.329999940935522318e-04 4.858999978750944138e-03 -1.063499972224235535e-01
1.899999915622174740e-05 1.280999975278973579e-03 -1.059489995241165161e-01
-5.185000132769346237e-03 1.999999949475750327e-05 -7.913299649953842163e-02
-3.161000087857246399e-03 3.563999896869063377e-03 -1.042969971895217896e-01
-4.953000228852033615e-03 3.532999893650412560e-03 -7.965599745512008667e-02
1.644999952986836433e-03 3.264999948441982269e-03 -1.321569979190826416e-01
4.300000000512227416e-05 1.700000029813963920e-05 -1.063719987869262695e-01
4.102000035345554352e-03 -5.700000110664404929e-05 -1.049199998378753662e-01
2.670000074431300163e-03 3.360999980941414833e-03 -1.319019943475723267e-01
-1.138000050559639931e-03 3.490000031888484955e-03 -7.781600207090377808e-02
-1.308999955654144287e-03 -9.000000136438757181e-05 -7.728300243616104126e-02
4.079999867826700211e-03 1.271000015549361706e-03 -1.044970005750656128e-01
4.201999865472316742e-03 4.784999880939722061e-03 -1.048969998955726624e-01
4.168999847024679184e-03 3.477999940514564514e-03 -1.044699996709823608e-01
3.569999942556023598e-03 3.420999972149729729e-03 -8.006899803876876831e-02
-1.224000006914138794e-03 1.241000019945204258e-03 -7.783800363540649414e-02
-8.088000118732452393e-03 3.918999806046485901e-03 -2.044199965894222260e-02
-7.307999767363071442e-03 4.116999916732311249e-03 -1.925599947571754456e-02
-5.756999831646680832e-03 4.364000167697668076e-03 -2.094800025224685669e-02
-5.059999879449605942e-03 4.581999965012073517e-03 -2.449199929833412170e-02
-5.245999898761510849e-03 4.722999874502420425e-03 -2.456399984657764435e-02
-5.355999805033206940e-03 4.552999977022409439e-03 -2.263100072741508484e-02
-5.588999949395656586e-03 -1.559999946039170027e-04 -2.209199965000152588e-02
-5.187000147998332977e-03 -3.000000142492353916e-04 -2.441300079226493835e-02
-5.231999792158603668e-03 -2.920000115409493446e-04 -2.656500041484832764e-02
-1.341000013053417206e-02 -2.019999956246465445e-04 -2.422899939119815826e-02
-1.264099963009357452e-02 3.060000017285346985e-04 -2.255799993872642517e-02
-1.280700042843818665e-02 2.871999982744455338e-03 -2.195799909532070160e-02
-1.280300039798021317e-02 1.353000057861208916e-03 -2.206999994814395905e-02
-3.674000035971403122e-03 3.866000100970268250e-03 -5.518700182437896729e-02
-4.579000174999237061e-03 5.840000230818986893e-04 -4.422299936413764954e-02
-6.556999869644641876e-03 7.029999978840351105e-04 -5.139999836683273315e-02
-6.508999969810247421e-03 3.932999912649393082e-03 -5.121200159192085266e-02
-3.683000104501843452e-03 6.580000044777989388e-04 -5.596800148487091064e-02
-8.518000133335590363e-03 1.700000029813963920e-05 -3.015100024640560150e-02
-4.488999955356121063e-03 3.907999955117702484e-03 -4.391999915242195129e-02
-1.215000054799020290e-03 4.761000163853168488e-03 -7.726000249385833740e-02
-5.092999897897243500e-03 4.813000094145536423e-03 -7.910799980163574219e-02
3.484999993816018105e-03 1.237999997101724148e-03 -8.008199930191040039e-02
-2.705200016498565674e-02 4.203000105917453766e-03 8.008000440895557404e-03
-2.711799927055835724e-02 6.830000202171504498e-04 7.992999628186225891e-03
-8.794999681413173676e-03 3.932999912649393082e-03 1.700000029813963920e-05
-6.405000109225511551e-03 3.832000074908137321e-03 -1.008499972522258759e-02
-6.496999878436326981e-03 4.189999890513718128e-04 -1.005899999290704727e-02
-3.595900163054466248e-02 9.130000253207981586e-04 -5.950000137090682983e-03
-3.589199855923652649e-02 4.432000219821929932e-03 -5.934000015258789062e-03
-3.513599932193756104e-02 4.588999785482883453e-03 -9.100000024773180485e-04
-3.306199982762336731e-02 4.664999898523092270e-03 -1.920999959111213684e-03
-1.143500022590160370e-02 4.102999810129404068e-03 5.299999975250102580e-05
-1.171300001442432404e-02 4.560000088531523943e-04 -1.019999981508590281e-04
-3.515499830245971680e-02 6.500000017695128918e-04 -9.379999828524887562e-04
-2.952099964022636414e-02 5.039999959990382195e-04 -1.894599944353103638e-02
-3.063699975609779358e-02 2.600000007078051567e-04 -1.992000080645084381e-02
-3.054800070822238922e-02 5.007000174373388290e-03 -1.989799924194812775e-02
-2.925300039350986481e-02 4.561999812722206116e-03 -1.875800080597400665e-02
-3.239100053906440735e-02 3.144999966025352478e-03 -2.037999918684363365e-03
-3.272499889135360718e-02 1.060000038705766201e-03 -2.056000055745244026e-03
-2.891200035810470581e-02 2.040999941527843475e-03 -1.840299926698207855e-02
-1.199399959295988083e-02 2.711999928578734398e-03 -2.629999944474548101e-04
-1.338800042867660522e-02 3.440000000409781933e-04 -2.552800066769123077e-02
-1.340600010007619858e-02 4.323000088334083557e-03 -2.547400072216987610e-02
-2.762500010430812836e-02 8.309999830089509487e-04 -2.303699962794780731e-02
-2.251899987459182739e-02 7.120000082068145275e-04 -2.462200075387954712e-02
-2.755800075829029083e-02 4.350000061094760895e-03 -2.302099950611591339e-02
-1.552399992942810059e-02 3.984999842941761017e-03 7.337999995797872543e-03
-1.559100020676851273e-02 4.699999990407377481e-04 7.321999873965978622e-03
-1.935599930584430695e-02 5.329999839887022972e-04 8.644999936223030090e-03
-2.307000011205673218e-02 7.869999972172081470e-04 6.082999985665082932e-03
-2.301299944519996643e-02 2.927999943494796753e-03 5.756999831646680832e-03
-2.326500043272972107e-02 4.239999980200082064e-04 8.759000338613986969e-03
-2.303599938750267029e-02 4.476000089198350906e-03 6.548999808728694916e-03
-2.319799922406673431e-02 4.279999993741512299e-03 8.822999894618988037e-03
-3.583000041544437408e-03 1.646999968215823174e-03 -1.043260022997856140e-01
-3.518000012263655663e-03 3.225999884307384491e-03 -1.043139994144439697e-01
-6.883000023663043976e-03 1.504000043496489525e-03 -5.344700068235397339e-02
-6.889999844133853912e-03 3.155000042170286179e-03 -5.296700075268745422e-02
-5.311000160872936249e-03 1.595000037923455238e-03 -7.966300100088119507e-02
-5.235000047832727432e-03 3.225999884307384491e-03 -7.963500171899795532e-02
-9.548000060021877289e-03 4.039999912492930889e-04 1.290000043809413910e-03
-5.665999837219715118e-03 2.349999995203688741e-04 -1.957000046968460083e-02
-3.125600144267082214e-02 8.890000171959400177e-04 -2.051099948585033417e-02
-3.119000047445297241e-02 4.408000037074089050e-03 -2.049599960446357727e-02
2.770000137388706207e-04 -1.999999949475750327e-05 -1.086129993200302124e-01
3.779999969992786646e-04 4.922000225633382797e-03 -1.085800006985664368e-01
4.093999974429607391e-03 -1.029999984893947840e-04 -1.074829995632171631e-01
4.184999968856573105e-03 4.861999768763780594e-03 -1.075370013713836670e-01
2.980799973011016846e-02 1.127999974414706230e-03 7.009999826550483704e-03
2.462399937212467194e-02 1.102000009268522263e-03 9.778999723494052887e-03
3.264300152659416199e-02 1.172999967820942402e-03 3.938000183552503586e-03
-2.432999899610877037e-03 2.263000002130866051e-03 -1.319810003042221069e-01
3.308099880814552307e-02 5.435000173747539520e-03 -1.569800078868865967e-02
3.517999872565269470e-02 5.419000051915645599e-03 -5.206000059843063354e-03
5.106000229716300964e-03 7.089999853633344173e-04 -9.761000052094459534e-03
6.980000063776969910e-03 4.716999828815460205e-03 -3.312300145626068115e-02
8.500999771058559418e-03 5.018999800086021423e-03 -2.700299955904483795e-02
9.747000411152839661e-03 5.220000166445970535e-04 -2.591300010681152344e-02
8.558999747037887573e-03 5.440000095404684544e-04 -2.700600028038024902e-02
1.314300019294023514e-02 5.259000230580568314e-03 6.227999925613403320e-03
1.551400031894445419e-02 4.842999856919050217e-03 5.810999777168035507e-03
2.170599997043609619e-02 5.237000063061714172e-03 7.598999887704849243e-03
1.867000013589859009e-02 4.920000210404396057e-03 6.982000079005956650e-03
1.269400026649236679e-02 4.753999877721071243e-03 3.776999888941645622e-03
2.841399982571601868e-02 1.246000058017671108e-03 4.978000186383724213e-03
3.074100054800510406e-02 1.283999998122453690e-03 2.345999935641884804e-03
2.426899969577789307e-02 9.059999720193445683e-04 8.450999855995178223e-03
2.532799914479255676e-02 1.382000045850872993e-03 6.539000198245048523e-03
6.271999794989824295e-03 4.867999814450740814e-03 -8.979000151157379150e-03
7.689999882131814957e-03 4.329000134021043777e-03 -8.070999756455421448e-03
8.767000399529933929e-03 4.720000084489583969e-03 -2.430999884381890297e-03
8.336000144481658936e-03 5.040999967604875565e-03 2.202000003308057785e-03
6.359000224620103836e-03 7.360000163316726685e-04 -9.012999944388866425e-03
9.246000088751316071e-03 8.449999731965363026e-04 2.999999924213625491e-05
6.624000146985054016e-03 6.689999718219041824e-04 -2.391000045463442802e-03
3.326600044965744019e-02 1.168000046163797379e-03 -7.833000272512435913e-03
3.138199821114540100e-02 1.106000039726495743e-03 -1.479300018399953842e-02
3.465799987316131592e-02 1.130999997258186340e-03 -1.057100016623735428e-02
3.220900148153305054e-02 5.286999978125095367e-03 -1.019600033760070801e-02
3.272400051355361938e-02 5.355999805033206940e-03 -5.725000053644180298e-03
3.456699848175048828e-02 5.528000183403491974e-03 -1.052400004118680954e-02
3.096700087189674377e-02 5.297999829053878784e-03 -1.451000012457370758e-02
2.069899998605251312e-02 5.195999983698129654e-03 -2.233700081706047058e-02
2.503399923443794250e-02 5.160999950021505356e-03 -2.067199908196926117e-02
5.892000161111354828e-03 8.660000166855752468e-04 -2.010199986398220062e-02
3.149300068616867065e-02 3.792000003159046173e-03 -1.004999969154596329e-02
3.190099820494651794e-02 3.811999922618269920e-03 -5.442999769002199173e-03
3.175299987196922302e-02 1.968000084161758423e-03 -1.008800044655799866e-02
3.010299988090991974e-02 3.748999908566474915e-03 -1.438099984079599380e-02
3.221299871802330017e-02 1.922999974340200424e-03 -5.570999812334775925e-03
3.044000081717967987e-02 1.864999998360872269e-03 -1.438700035214424133e-02
7.670999970287084579e-03 3.093000035732984543e-03 -1.666799932718276978e-02
7.981999777257442474e-03 3.109999932348728180e-03 -1.877599954605102539e-02
7.379999849945306778e-03 1.760000013746321201e-03 -1.714099943637847900e-02
7.790000177919864655e-03 1.957000000402331352e-03 -1.896899938583374023e-02
8.365999907255172729e-03 3.222000086680054665e-03 -7.538000121712684631e-03
8.011999540030956268e-03 1.511999987997114658e-03 -7.801999803632497787e-03
9.476000443100929260e-03 3.317999886348843575e-03 -2.825000090524554253e-03
9.314999915659427643e-03 1.643000054173171520e-03 -2.635000040754675865e-03
2.768900059163570404e-02 2.752000000327825546e-03 4.433999769389629364e-03
2.495899982750415802e-02 2.706000115722417831e-03 5.960999988019466400e-03
2.990300022065639496e-02 2.787000034004449844e-03 2.016999991610646248e-03
2.801699936389923096e-02 4.935999866575002670e-03 4.662999883294105530e-03
2.521700039505958557e-02 4.887000191956758499e-03 6.285999901592731476e-03
3.015000000596046448e-02 4.687000066041946411e-03 2.089000074192881584e-03
4.044000059366226196e-03 6.569999968633055687e-04 -2.359800040721893311e-02
1.244399975985288620e-02 5.063000135123729706e-03 -2.495699934661388397e-02
9.627999737858772278e-03 5.127999931573867798e-03 -2.591400034725666046e-02
8.227000012993812561e-03 5.125999916344881058e-03 -2.645600028336048126e-02
2.016199938952922821e-02 3.538999939337372780e-03 -2.116299979388713837e-02
2.480700053274631500e-02 3.633999964222311974e-03 -1.982899941504001617e-02
2.034300006926059723e-02 1.662999973632395267e-03 -2.140500023961067200e-02
2.489499934017658234e-02 1.743000000715255737e-03 -2.010999992489814758e-02
2.075799927115440369e-02 7.839999743737280369e-04 -2.257600054144859314e-02
2.777400054037570953e-02 1.033999957144260406e-03 -1.975799910724163055e-02
1.182799972593784332e-02 5.026999861001968384e-03 -2.259399928152561188e-02
1.219100039452314377e-02 5.202999804168939590e-03 -2.407599985599517822e-02
2.127300016582012177e-02 5.040999967604875565e-03 -2.439099922776222229e-02
2.609200030565261841e-02 5.342000164091587067e-03 -2.285300008952617645e-02
1.595900021493434906e-02 3.526000073179602623e-03 5.262000020593404770e-03
1.324599981307983398e-02 3.454999998211860657e-03 3.367000026628375053e-03
1.574699953198432922e-02 1.654000021517276764e-03 5.464999936521053314e-03
1.896600052714347839e-02 3.594999900087714195e-03 6.345999892801046371e-03
1.300800032913684845e-02 1.619999995455145836e-03 3.499000100418925285e-03
1.873899996280670166e-02 1.429000054486095905e-03 6.730999797582626343e-03
1.382400002330541611e-02 8.539999835193157196e-04 5.642000120133161545e-03
1.402799971401691437e-02 7.469999836757779121e-04 8.042000234127044678e-03
2.615400031208992004e-02 5.532000213861465454e-03 7.861999794840812683e-03
3.097300045192241669e-02 5.479999817907810211e-03 2.671000082045793533e-03
1.098900008946657181e-02 8.430000161752104759e-04 5.958999972790479660e-03
1.826399937272071838e-02 9.990000398829579353e-04 9.844999760389328003e-03
4.670999944210052490e-03 4.869000054895877838e-03 -7.660699635744094849e-02
2.551000099629163742e-03 1.610000035725533962e-04 -1.041449978947639465e-01
-8.750000270083546638e-04 4.683999810367822647e-03 -1.057669967412948608e-01
1.432900037616491318e-02 5.057000089436769485e-03 8.461000397801399231e-03
1.091099996119737625e-02 4.980000201612710953e-03 5.942000076174736023e-03
1.818899996578693390e-02 5.218000151216983795e-03 9.763999842107295990e-03
2.192899957299232483e-02 2.402999904006719589e-03 -2.458300068974494934e-02
2.706700004637241364e-02 2.497999928891658783e-03 -2.292500063776969910e-02
1.192799955606460571e-02 2.209000056609511375e-03 -2.519899979233741760e-02
3.969000186771154404e-03 4.726000130176544189e-03 -2.357400022447109222e-02
5.038000177592039108e-03 4.796999972313642502e-03 -9.739000350236892700e-03
6.397999823093414307e-03 4.856000188738107681e-03 -2.610000083222985268e-03
3.508599847555160522e-02 2.697000047191977501e-03 -1.074500009417533875e-02
3.339700028300285339e-02 2.639000071212649345e-03 -1.612100005149841309e-02
3.556200116872787476e-02 2.713999943807721138e-03 -5.026000086218118668e-03
-3.298999974504113197e-03 2.279999898746609688e-03 -1.316359937191009521e-01
2.972899936139583588e-02 5.439000204205513000e-03 6.984000094234943390e-03
2.614000067114830017e-02 5.288000218570232391e-03 9.123999625444412231e-03
3.255899995565414429e-02 5.483999848365783691e-03 3.911999985575675964e-03
3.526299819350242615e-02 1.270000007934868336e-03 -5.189000163227319717e-03
3.316599875688552856e-02 1.124999951571226120e-03 -1.569800078868865967e-02
1.244300045073032379e-02 6.619999767281115055e-04 -2.496699988842010498e-02
2.135599963366985321e-02 9.590000263415277004e-04 -2.436099946498870850e-02
2.666799910366535187e-02 9.790000040084123611e-04 -2.266800031065940857e-02
4.763000179082155228e-03 2.779999922495335340e-04 -7.660999894142150879e-02
1.432900037616491318e-02 2.348999958485364914e-03 8.844999596476554871e-03
1.081900019198656082e-02 2.274000085890293121e-03 6.295999977737665176e-03
1.817999966442584991e-02 2.406999934464693069e-03 1.016400009393692017e-02
3.797000041231513023e-03 4.478999879211187363e-03 -3.175700083374977112e-02
4.811000078916549683e-03 2.107999986037611961e-03 -9.669999592006206512e-03
6.082000210881233215e-03 2.150000073015689850e-03 -2.763000084087252617e-03
2.985199913382530212e-02 2.642000094056129456e-03 7.472999859601259232e-03
2.620200067758560181e-02 2.578000072389841080e-03 9.494000114500522614e-03
3.282599896192550659e-02 2.688999986276030540e-03 4.356999881565570831e-03
-1.069999998435378075e-03 6.700000085402280092e-05 -1.087609976530075073e-01
-4.440000047907233238e-04 2.501999959349632263e-03 -1.116650030016899109e-01
-1.077000051736831665e-03 3.329999977722764015e-03 -1.077350005507469177e-01
-8.089999901130795479e-04 8.950000046752393246e-04 -1.057630032300949097e-01
4.687999840825796127e-03 1.099999994039535522e-03 -7.706999778747558594e-02
4.763999953866004944e-03 2.994999988004565239e-03 -7.635500282049179077e-02
4.608000162988901138e-03 3.837999887764453888e-03 -7.739800214767456055e-02
4.666000138968229294e-03 3.566999919712543488e-03 -7.663500308990478516e-02
2.403999911621212959e-03 3.714000107720494270e-03 -1.042170003056526184e-01
2.434999914839863777e-03 4.732000175863504410e-03 -1.041999980807304382e-01
2.509000012651085854e-03 9.740000241436064243e-04 -1.041480004787445068e-01
-6.099999882280826569e-05 3.320999909192323685e-03 -1.117160022258758545e-01
1.187099982053041458e-02 3.386999946087598801e-03 -2.134899981319904327e-02
1.179699972271919250e-02 1.504000043496489525e-03 -2.160299941897392273e-02
1.189500000327825546e-02 7.220000261440873146e-04 -2.257600054144859314e-02
1.217999961227178574e-02 5.460000247694551945e-04 -2.400000020861625671e-02
-3.216000040993094444e-03 1.860999967902898788e-03 -1.316329985857009888e-01
4.073999822139739990e-03 5.028000101447105408e-03 -2.355300076305866241e-02
4.153000190854072571e-03 4.079999926034361124e-04 -2.357699908316135406e-02
5.446999799460172653e-03 4.749000072479248047e-03 -2.041500061750411987e-02
7.077999878674745560e-03 4.027000162750482559e-03 -1.751700043678283691e-02
7.211000192910432816e-03 4.215000197291374207e-03 -1.943299919366836548e-02
-4.251999780535697937e-03 4.681999795138835907e-03 -7.966200262308120728e-02
-1.685000024735927582e-03 4.683000035583972931e-03 -7.843499630689620972e-02
2.370000001974403858e-04 1.789999951142817736e-04 -7.708799839019775391e-02
2.800000038405414671e-05 1.740000006975606084e-04 -7.771400362253189087e-02
-5.080000031739473343e-03 -7.999999979801941663e-06 -1.065599992871284485e-01
1.959999935934320092e-04 4.788000136613845825e-03 -7.665199786424636841e-02
-2.749999985098838806e-04 4.778000060468912125e-03 -7.749900221824645996e-02
-3.260000084992498159e-04 2.826000098139047623e-03 -1.117589995265007019e-01
4.131999798119068146e-03 2.744999947026371956e-03 -1.104509979486465454e-01
-5.160000175237655640e-03 3.600000127335079014e-05 -1.082789972424507141e-01
-5.140999797731637955e-03 4.608000162988901138e-03 -1.064639985561370850e-01
-4.331000149250030518e-03 1.110000011976808310e-04 -7.974799722433090210e-02
-4.984000232070684433e-03 -2.999999924213625491e-05 -1.091409996151924133e-01
4.199999850243330002e-03 4.157999996095895767e-03 -1.104409992694854736e-01
3.501000115647912025e-03 1.055000000633299351e-03 -4.523099958896636963e-02
2.792000072076916695e-03 4.100000020116567612e-03 -5.421999841928482056e-02
5.683000199496746063e-03 3.879999974742531776e-03 -5.403799936175346375e-02
5.394999869167804718e-03 1.047000056132674217e-03 -5.232099816203117371e-02
6.186999846249818802e-03 2.497999928891658783e-03 -5.200900137424468994e-02
5.774999968707561493e-03 1.441000029444694519e-03 -5.389500036835670471e-02
2.955999923869967461e-03 2.435999922454357147e-03 -4.678200185298919678e-02
5.342999938875436783e-03 4.222999792546033859e-03 -5.190100148320198059e-02
2.835999941453337669e-03 1.057000015862286091e-03 -5.424199998378753662e-02
7.379999849945306778e-03 2.400999888777732849e-03 -3.275400027632713318e-02
7.062999997287988663e-03 7.769999792799353600e-04 -3.309699892997741699e-02
3.978999797254800797e-03 6.960000027902424335e-04 -3.187099844217300415e-02
3.440999891608953476e-03 4.176000133156776428e-03 -4.497399926185607910e-02
-1.037999987602233887e-03 1.193000003695487976e-03 -1.077290028333663940e-01
-7.800000021234154701e-04 7.799999730195850134e-05 -1.057590022683143616e-01
-5.071999970823526382e-03 4.604999907314777374e-03 -1.091390028595924377e-01
-5.251000169664621353e-03 4.492999985814094543e-03 -1.082630008459091187e-01
-8.679999737069010735e-04 3.651000093668699265e-03 -1.057640016078948975e-01
-1.162000000476837158e-03 4.660999868065118790e-03 -1.087630018591880798e-01
2.900000072258990258e-05 1.001000055111944675e-03 -7.771600037813186646e-02
-5.123999901115894318e-03 1.105000032112002373e-03 -1.081420034170150757e-01
-1.643999945372343063e-03 3.745000110939145088e-03 -7.842999696731567383e-02
-5.166000220924615860e-03 3.554000053554773331e-03 -1.062680035829544067e-01
-4.248000215739011765e-03 3.667999990284442902e-03 -7.965999841690063477e-02
5.500000042957253754e-05 3.737000050023198128e-03 -7.714699953794479370e-02
2.819999936036765575e-04 3.480999963358044624e-03 -7.629200071096420288e-02
2.519999979995191097e-04 2.906000008806586266e-03 -7.601100206375122070e-02
2.819999936036765575e-04 1.062999945133924484e-03 -7.665000110864639282e-02
-4.368000198155641556e-03 9.110000100918114185e-04 -7.981900125741958618e-02
-5.113999824970960617e-03 8.180000004358589649e-04 -1.062140017747879028e-01
-5.160000175237655640e-03 3.260999917984008789e-03 -1.081409975886344910e-01
8.271000348031520844e-03 7.759999716654419899e-04 2.260999986901879311e-03
3.444499894976615906e-02 5.508000031113624573e-03 -1.999999949475750327e-04
2.044299989938735962e-02 4.625000059604644775e-03 -2.156599983572959900e-02
3.220900148153305054e-02 5.357999820262193680e-03 -1.222999999299645424e-03
1.030199974775314331e-02 4.794999957084655762e-03 9.860000573098659515e-04
3.266200050711631775e-02 1.172999967820942402e-03 -9.500000160187482834e-04
2.856400050222873688e-02 5.276999901980161667e-03 -1.842200011014938354e-02
3.136700019240379333e-02 3.814999945461750031e-03 -1.285000005736947060e-03
3.169399872422218323e-02 1.927000004798173904e-03 -1.290000043809413910e-03
2.815599925816059113e-02 1.759000006131827831e-03 -1.797899976372718811e-02
2.787699922919273376e-02 3.695999970659613609e-03 -1.775499992072582245e-02
1.082700025290250778e-02 1.674000057391822338e-03 7.650000043213367462e-04
1.098699960857629776e-02 3.387999953702092171e-03 6.539999740198254585e-04
3.038300015032291412e-02 5.348000209778547287e-03 -2.007400058209896088e-02
1.181699987500905991e-02 4.468999803066253662e-03 -2.180000022053718567e-02
2.198999933898448944e-02 3.653999883681535721e-03 6.568999961018562317e-03
2.205800078809261322e-02 1.430999953299760818e-03 7.062999997287988663e-03
2.221800014376640320e-02 5.214999895542860031e-03 1.003099977970123291e-02
3.482700139284133911e-02 2.714999951422214508e-03 1.749999937601387501e-04
3.071399964392185211e-02 2.555999904870986938e-03 -2.031799964606761932e-02
2.217699959874153137e-02 2.503999974578619003e-03 1.039599999785423279e-02
7.954999804496765137e-03 2.215000102296471596e-03 2.454000059515237808e-03
3.453199937939643860e-02 1.197000034153461456e-03 -1.749999937601387501e-04
3.046900033950805664e-02 1.078999950550496578e-03 -2.006299979984760284e-02
2.690000110305845737e-04 1.424000016413629055e-03 -7.617300003767013550e-02
4.769999999552965164e-03 1.488000038079917431e-03 -7.652200013399124146e-02
-5.115999840199947357e-03 1.252999994903802872e-03 -1.107039973139762878e-01
-5.214999895542860031e-03 2.579000080004334450e-03 -1.107250005006790161e-01
-2.211000071838498116e-03 1.815999974496662617e-03 -1.107470020651817322e-01
-2.310999901965260506e-03 2.617999911308288574e-03 -1.107679978013038635e-01
1.890999963507056236e-03 3.765000030398368835e-03 -1.104800030589103699e-01
1.750000054016709328e-03 2.703000092878937721e-03 -1.104980036616325378e-01
3.668999997898936272e-03 3.528000088408589363e-03 -1.305090039968490601e-01
3.600999945774674416e-03 3.194000106304883957e-03 -1.305329948663711548e-01
-3.926999866962432861e-03 2.300000051036477089e-03 -1.307239979505538940e-01
-3.855000017210841179e-03 1.840000040829181671e-03 -1.307179927825927734e-01
-6.740000098943710327e-04 -1.280999975278973579e-03 -9.277699887752532959e-02
9.510000236332416534e-04 5.373000167310237885e-03 -9.277699887752532959e-02
-6.740000098943710327e-04 5.816000048071146011e-03 -9.277699887752532959e-02
9.670000290498137474e-04 -8.679999737069010735e-04 -9.277699887752532959e-02
-2.298000035807490349e-03 5.373000167310237885e-03 -9.277699887752532959e-02
-6.740000098943710327e-04 5.373000167310237885e-03 -9.115800261497497559e-02
-6.740000098943710327e-04 5.373000167310237885e-03 -9.439499676227569580e-02
-2.313999924808740616e-03 -8.679999737069010735e-04 -9.277699887752532959e-02
-6.740000098943710327e-04 -8.679999737069010735e-04 -9.114199876785278320e-02
-6.740000098943710327e-04 -8.679999737069010735e-04 -9.441199898719787598e-02
5.479999817907810211e-04 5.259000230580568314e-03 -9.399399906396865845e-02
5.479999817907810211e-04 5.259000230580568314e-03 -9.155999869108200073e-02
-1.894999993965029716e-03 5.259000230580568314e-03 -9.399399906396865845e-02
5.639999872073531151e-04 -7.660000119358301163e-04 -9.401000291109085083e-02
-1.894999993965029716e-03 5.259000230580568314e-03 -9.155999869108200073e-02
5.639999872073531151e-04 -7.660000119358301163e-04 -9.154299646615982056e-02
-1.912000006996095181e-03 -7.660000119358301163e-04 -9.401000291109085083e-02
-1.912000006996095181e-03 -7.660000119358301163e-04 -9.154299646615982056e-02
