4.375000000000000000e-01 1.640619933605194092e-01 7.656250000000000000e-01
-4.375000000000000000e-01 1.640619933605194092e-01 7.656250000000000000e-01
5.000000000000000000e-01 9.375000000000000000e-02 6.875000000000000000e-01
-5.000000000000000000e-01 9.375000000000000000e-02 6.875000000000000000e-01
5.468750000000000000e-01 5.468799918889999390e-02 5.781250000000000000e-01
-5.468750000000000000e-01 5.468799918889999390e-02 5.781250000000000000e-01
3.515619933605194092e-01 -2.343799918889999390e-02 6.171879768371582031e-01
-3.515619933605194092e-01 -2.343799918889999390e-02 6.171879768371582031e-01
3.515619933605194092e-01 3.125000000000000000e-02 7.187500000000000000e-01
-3.515619933605194092e-01 3.125000000000000000e-02 7.187500000000000000e-01
3.515619933605194092e-01 1.328119933605194092e-01 7.812500000000000000e-01
-3.515619933605194092e-01 1.328119933605194092e-01 7.812500000000000000e-01
2.734380066394805908e-01 1.640619933605194092e-01 7.968750000000000000e-01
-2.734380066394805908e-01 1.640619933605194092e-01 7.968750000000000000e-01
2.031250000000000000e-01 9.375000000000000000e-02 7.421879768371582031e-01
-2.031250000000000000e-01 9.375000000000000000e-02 7.421879768371582031e-01
1.562500000000000000e-01 5.468799918889999390e-02 6.484379768371582031e-01
-1.562500000000000000e-01 5.468799918889999390e-02 6.484379768371582031e-01
7.812500000000000000e-02 2.421880066394805908e-01 6.562500000000000000e-01
-7.812500000000000000e-02 2.421880066394805908e-01 6.562500000000000000e-01
1.406250000000000000e-01 2.421880066394805908e-01 7.421879768371582031e-01
-1.406250000000000000e-01 2.421880066394805908e-01 7.421879768371582031e-01
2.421880066394805908e-01 2.421880066394805908e-01 7.968750000000000000e-01
-2.421880066394805908e-01 2.421880066394805908e-01 7.968750000000000000e-01
2.734380066394805908e-01 3.281250000000000000e-01 7.968750000000000000e-01
-2.734380066394805908e-01 3.281250000000000000e-01 7.968750000000000000e-01
2.031250000000000000e-01 3.906250000000000000e-01 7.421879768371582031e-01
-2.031250000000000000e-01 3.906250000000000000e-01 7.421879768371582031e-01
1.562500000000000000e-01 4.375000000000000000e-01 6.484379768371582031e-01
-1.562500000000000000e-01 4.375000000000000000e-01 6.484379768371582031e-01
3.515619933605194092e-01 5.156250000000000000e-01 6.171879768371582031e-01
-3.515619933605194092e-01 5.156250000000000000e-01 6.171879768371582031e-01
3.515619933605194092e-01 4.531250000000000000e-01 7.187500000000000000e-01
-3.515619933605194092e-01 4.531250000000000000e-01 7.187500000000000000e-01
3.515619933605194092e-01 3.593750000000000000e-01 7.812500000000000000e-01
-3.515619933605194092e-01 3.593750000000000000e-01 7.812500000000000000e-01
4.375000000000000000e-01 3.281250000000000000e-01 7.656250000000000000e-01
-4.375000000000000000e-01 3.281250000000000000e-01 7.656250000000000000e-01
5.000000000000000000e-01 3.906250000000000000e-01 6.875000000000000000e-01
-5.000000000000000000e-01 3.906250000000000000e-01 6.875000000000000000e-01
5.468750000000000000e-01 4.375000000000000000e-01 5.781250000000000000e-01
-5.468750000000000000e-01 4.375000000000000000e-01 5.781250000000000000e-01
6.250000000000000000e-01 2.421880066394805908e-01 5.625000000000000000e-01
-6.250000000000000000e-01 2.421880066394805908e-01 5.625000000000000000e-01
5.625000000000000000e-01 2.421880066394805908e-01 6.718750000000000000e-01
-5.625000000000000000e-01 2.421880066394805908e-01 6.718750000000000000e-01
4.687500000000000000e-01 2.421880066394805908e-01 7.578120231628417969e-01
-4.687500000000000000e-01 2.421880066394805908e-01 7.578120231628417969e-01
4.765619933605194092e-01 2.421880066394805908e-01 7.734379768371582031e-01
-4.765619933605194092e-01 2.421880066394805908e-01 7.734379768371582031e-01
4.453119933605194092e-01 3.359380066394805908e-01 7.812500000000000000e-01
-4.453119933605194092e-01 3.359380066394805908e-01 7.812500000000000000e-01
3.515619933605194092e-01 3.750000000000000000e-01 8.046879768371582031e-01
-3.515619933605194092e-01 3.750000000000000000e-01 8.046879768371582031e-01
2.656250000000000000e-01 3.359380066394805908e-01 8.203120231628417969e-01
-2.656250000000000000e-01 3.359380066394805908e-01 8.203120231628417969e-01
2.265619933605194092e-01 2.421880066394805908e-01 8.203120231628417969e-01
-2.265619933605194092e-01 2.421880066394805908e-01 8.203120231628417969e-01
2.656250000000000000e-01 1.562500000000000000e-01 8.203120231628417969e-01
-2.656250000000000000e-01 1.562500000000000000e-01 8.203120231628417969e-01
3.515619933605194092e-01 2.421880066394805908e-01 8.281250000000000000e-01
-3.515619933605194092e-01 2.421880066394805908e-01 8.281250000000000000e-01
3.515619933605194092e-01 1.171879991888999939e-01 8.046879768371582031e-01
-3.515619933605194092e-01 1.171879991888999939e-01 8.046879768371582031e-01
4.453119933605194092e-01 1.562500000000000000e-01 7.812500000000000000e-01
-4.453119933605194092e-01 1.562500000000000000e-01 7.812500000000000000e-01
0.000000000000000000e+00 4.296880066394805908e-01 7.421879768371582031e-01
0.000000000000000000e+00 3.515619933605194092e-01 8.203120231628417969e-01
0.000000000000000000e+00 -6.796879768371582031e-01 7.343750000000000000e-01
0.000000000000000000e+00 -3.203119933605194092e-01 7.812500000000000000e-01
0.000000000000000000e+00 -1.875000000000000000e-01 7.968750000000000000e-01
0.000000000000000000e+00 -7.734379768371582031e-01 7.187500000000000000e-01
0.000000000000000000e+00 4.062500000000000000e-01 6.015620231628417969e-01
0.000000000000000000e+00 5.703120231628417969e-01 5.703120231628417969e-01
0.000000000000000000e+00 8.984379768371582031e-01 -5.468750000000000000e-01
0.000000000000000000e+00 5.625000000000000000e-01 -8.515620231628417969e-01
0.000000000000000000e+00 7.031200081110000610e-02 -8.281250000000000000e-01
0.000000000000000000e+00 -3.828119933605194092e-01 -3.515619933605194092e-01
2.031250000000000000e-01 -1.875000000000000000e-01 5.625000000000000000e-01
-2.031250000000000000e-01 -1.875000000000000000e-01 5.625000000000000000e-01
3.125000000000000000e-01 -4.375000000000000000e-01 5.703120231628417969e-01
-3.125000000000000000e-01 -4.375000000000000000e-01 5.703120231628417969e-01
3.515619933605194092e-01 -6.953120231628417969e-01 5.703120231628417969e-01
-3.515619933605194092e-01 -6.953120231628417969e-01 5.703120231628417969e-01
3.671880066394805908e-01 -8.906250000000000000e-01 5.312500000000000000e-01
-3.671880066394805908e-01 -8.906250000000000000e-01 5.312500000000000000e-01
3.281250000000000000e-01 -9.453120231628417969e-01 5.234379768371582031e-01
-3.281250000000000000e-01 -9.453120231628417969e-01 5.234379768371582031e-01
1.796880066394805908e-01 -9.687500000000000000e-01 5.546879768371582031e-01
-1.796880066394805908e-01 -9.687500000000000000e-01 5.546879768371582031e-01
0.000000000000000000e+00 -9.843750000000000000e-01 5.781250000000000000e-01
4.375000000000000000e-01 -1.406250000000000000e-01 5.312500000000000000e-01
-4.375000000000000000e-01 -1.406250000000000000e-01 5.312500000000000000e-01
6.328120231628417969e-01 -3.906200081110000610e-02 5.390620231628417969e-01
-6.328120231628417969e-01 -3.906200081110000610e-02 5.390620231628417969e-01
8.281250000000000000e-01 1.484380066394805908e-01 4.453119933605194092e-01
-8.281250000000000000e-01 1.484380066394805908e-01 4.453119933605194092e-01
8.593750000000000000e-01 4.296880066394805908e-01 5.937500000000000000e-01
-8.593750000000000000e-01 4.296880066394805908e-01 5.937500000000000000e-01
7.109379768371582031e-01 4.843750000000000000e-01 6.250000000000000000e-01
-7.109379768371582031e-01 4.843750000000000000e-01 6.250000000000000000e-01
4.921880066394805908e-01 6.015620231628417969e-01 6.875000000000000000e-01
-4.921880066394805908e-01 6.015620231628417969e-01 6.875000000000000000e-01
3.203119933605194092e-01 7.578120231628417969e-01 7.343750000000000000e-01
-3.203119933605194092e-01 7.578120231628417969e-01 7.343750000000000000e-01
1.562500000000000000e-01 7.187500000000000000e-01 7.578120231628417969e-01
-1.562500000000000000e-01 7.187500000000000000e-01 7.578120231628417969e-01
6.250000000000000000e-02 4.921880066394805908e-01 7.500000000000000000e-01
-6.250000000000000000e-02 4.921880066394805908e-01 7.500000000000000000e-01
1.640619933605194092e-01 4.140619933605194092e-01 7.734379768371582031e-01
-1.640619933605194092e-01 4.140619933605194092e-01 7.734379768371582031e-01
1.250000000000000000e-01 3.046880066394805908e-01 7.656250000000000000e-01
-1.250000000000000000e-01 3.046880066394805908e-01 7.656250000000000000e-01
2.031250000000000000e-01 9.375000000000000000e-02 7.421879768371582031e-01
-2.031250000000000000e-01 9.375000000000000000e-02 7.421879768371582031e-01
3.750000000000000000e-01 1.562500000000000000e-02 7.031250000000000000e-01
-3.750000000000000000e-01 1.562500000000000000e-02 7.031250000000000000e-01
4.921880066394805908e-01 6.250000000000000000e-02 6.718750000000000000e-01
-4.921880066394805908e-01 6.250000000000000000e-02 6.718750000000000000e-01
6.250000000000000000e-01 1.875000000000000000e-01 6.484379768371582031e-01
-6.250000000000000000e-01 1.875000000000000000e-01 6.484379768371582031e-01
6.406250000000000000e-01 2.968750000000000000e-01 6.484379768371582031e-01
-6.406250000000000000e-01 2.968750000000000000e-01 6.484379768371582031e-01
6.015620231628417969e-01 3.750000000000000000e-01 6.640620231628417969e-01
-6.015620231628417969e-01 3.750000000000000000e-01 6.640620231628417969e-01
4.296880066394805908e-01 4.375000000000000000e-01 7.187500000000000000e-01
-4.296880066394805908e-01 4.375000000000000000e-01 7.187500000000000000e-01
2.500000000000000000e-01 4.687500000000000000e-01 7.578120231628417969e-01
-2.500000000000000000e-01 4.687500000000000000e-01 7.578120231628417969e-01
0.000000000000000000e+00 -7.656250000000000000e-01 7.343750000000000000e-01
1.093750000000000000e-01 -7.187500000000000000e-01 7.343750000000000000e-01
-1.093750000000000000e-01 -7.187500000000000000e-01 7.343750000000000000e-01
1.171879991888999939e-01 -8.359379768371582031e-01 7.109379768371582031e-01
-1.171879991888999939e-01 -8.359379768371582031e-01 7.109379768371582031e-01
6.250000000000000000e-02 -8.828120231628417969e-01 6.953120231628417969e-01
-6.250000000000000000e-02 -8.828120231628417969e-01 6.953120231628417969e-01
0.000000000000000000e+00 -8.906250000000000000e-01 6.875000000000000000e-01
0.000000000000000000e+00 -1.953119933605194092e-01 7.500000000000000000e-01
0.000000000000000000e+00 -1.406250000000000000e-01 7.421879768371582031e-01
1.015620008111000061e-01 -1.484380066394805908e-01 7.421879768371582031e-01
-1.015620008111000061e-01 -1.484380066394805908e-01 7.421879768371582031e-01
1.250000000000000000e-01 -2.265619933605194092e-01 7.500000000000000000e-01
-1.250000000000000000e-01 -2.265619933605194092e-01 7.500000000000000000e-01
8.593799918889999390e-02 -2.890619933605194092e-01 7.421879768371582031e-01
-8.593799918889999390e-02 -2.890619933605194092e-01 7.421879768371582031e-01
3.984380066394805908e-01 -4.687500000000000000e-02 6.718750000000000000e-01
-3.984380066394805908e-01 -4.687500000000000000e-02 6.718750000000000000e-01
6.171879768371582031e-01 5.468799918889999390e-02 6.250000000000000000e-01
-6.171879768371582031e-01 5.468799918889999390e-02 6.250000000000000000e-01
7.265620231628417969e-01 2.031250000000000000e-01 6.015620231628417969e-01
-7.265620231628417969e-01 2.031250000000000000e-01 6.015620231628417969e-01
7.421879768371582031e-01 3.750000000000000000e-01 6.562500000000000000e-01
-7.421879768371582031e-01 3.750000000000000000e-01 6.562500000000000000e-01
6.875000000000000000e-01 4.140619933605194092e-01 7.265620231628417969e-01
-6.875000000000000000e-01 4.140619933605194092e-01 7.265620231628417969e-01
4.375000000000000000e-01 5.468750000000000000e-01 7.968750000000000000e-01
-4.375000000000000000e-01 5.468750000000000000e-01 7.968750000000000000e-01
3.125000000000000000e-01 6.406250000000000000e-01 8.359379768371582031e-01
-3.125000000000000000e-01 6.406250000000000000e-01 8.359379768371582031e-01
2.031250000000000000e-01 6.171879768371582031e-01 8.515620231628417969e-01
-2.031250000000000000e-01 6.171879768371582031e-01 8.515620231628417969e-01
1.015620008111000061e-01 4.296880066394805908e-01 8.437500000000000000e-01
-1.015620008111000061e-01 4.296880066394805908e-01 8.437500000000000000e-01
1.250000000000000000e-01 -1.015620008111000061e-01 8.125000000000000000e-01
-1.250000000000000000e-01 -1.015620008111000061e-01 8.125000000000000000e-01
2.109380066394805908e-01 -4.453119933605194092e-01 7.109379768371582031e-01
-2.109380066394805908e-01 -4.453119933605194092e-01 7.109379768371582031e-01
2.500000000000000000e-01 -7.031250000000000000e-01 6.875000000000000000e-01
-2.500000000000000000e-01 -7.031250000000000000e-01 6.875000000000000000e-01
2.656250000000000000e-01 -8.203120231628417969e-01 6.640620231628417969e-01
-2.656250000000000000e-01 -8.203120231628417969e-01 6.640620231628417969e-01
2.343750000000000000e-01 -9.140620231628417969e-01 6.328120231628417969e-01
-2.343750000000000000e-01 -9.140620231628417969e-01 6.328120231628417969e-01
1.640619933605194092e-01 -9.296879768371582031e-01 6.328120231628417969e-01
-1.640619933605194092e-01 -9.296879768371582031e-01 6.328120231628417969e-01
0.000000000000000000e+00 -9.453120231628417969e-01 6.406250000000000000e-01
0.000000000000000000e+00 4.687500000000000000e-02 7.265620231628417969e-01
0.000000000000000000e+00 2.109380066394805908e-01 7.656250000000000000e-01
3.281250000000000000e-01 4.765619933605194092e-01 7.421879768371582031e-01
-3.281250000000000000e-01 4.765619933605194092e-01 7.421879768371582031e-01
1.640619933605194092e-01 1.406250000000000000e-01 7.500000000000000000e-01
-1.640619933605194092e-01 1.406250000000000000e-01 7.500000000000000000e-01
1.328119933605194092e-01 2.109380066394805908e-01 7.578120231628417969e-01
-1.328119933605194092e-01 2.109380066394805908e-01 7.578120231628417969e-01
1.171879991888999939e-01 -6.875000000000000000e-01 7.343750000000000000e-01
-1.171879991888999939e-01 -6.875000000000000000e-01 7.343750000000000000e-01
7.812500000000000000e-02 -4.453119933605194092e-01 7.500000000000000000e-01
-7.812500000000000000e-02 -4.453119933605194092e-01 7.500000000000000000e-01
0.000000000000000000e+00 -4.453119933605194092e-01 7.500000000000000000e-01
0.000000000000000000e+00 -3.281250000000000000e-01 7.421879768371582031e-01
9.375000000000000000e-02 -2.734380066394805908e-01 7.812500000000000000e-01
-9.375000000000000000e-02 -2.734380066394805908e-01 7.812500000000000000e-01
1.328119933605194092e-01 -2.265619933605194092e-01 7.968750000000000000e-01
-1.328119933605194092e-01 -2.265619933605194092e-01 7.968750000000000000e-01
1.093750000000000000e-01 -1.328119933605194092e-01 7.812500000000000000e-01
-1.093750000000000000e-01 -1.328119933605194092e-01 7.812500000000000000e-01
3.906200081110000610e-02 -1.250000000000000000e-01 7.812500000000000000e-01
-3.906200081110000610e-02 -1.250000000000000000e-01 7.812500000000000000e-01
0.000000000000000000e+00 -2.031250000000000000e-01 8.281250000000000000e-01
4.687500000000000000e-02 -1.484380066394805908e-01 8.125000000000000000e-01
-4.687500000000000000e-02 -1.484380066394805908e-01 8.125000000000000000e-01
9.375000000000000000e-02 -1.562500000000000000e-01 8.125000000000000000e-01
-9.375000000000000000e-02 -1.562500000000000000e-01 8.125000000000000000e-01
1.093750000000000000e-01 -2.265619933605194092e-01 8.281250000000000000e-01
-1.093750000000000000e-01 -2.265619933605194092e-01 8.281250000000000000e-01
7.812500000000000000e-02 -2.500000000000000000e-01 8.046879768371582031e-01
-7.812500000000000000e-02 -2.500000000000000000e-01 8.046879768371582031e-01
0.000000000000000000e+00 -2.890619933605194092e-01 8.046879768371582031e-01
2.578119933605194092e-01 -3.125000000000000000e-01 5.546879768371582031e-01
-2.578119933605194092e-01 -3.125000000000000000e-01 5.546879768371582031e-01
1.640619933605194092e-01 -2.421880066394805908e-01 7.109379768371582031e-01
-1.640619933605194092e-01 -2.421880066394805908e-01 7.109379768371582031e-01
1.796880066394805908e-01 -3.125000000000000000e-01 7.109379768371582031e-01
-1.796880066394805908e-01 -3.125000000000000000e-01 7.109379768371582031e-01
2.343750000000000000e-01 -2.500000000000000000e-01 5.546879768371582031e-01
-2.343750000000000000e-01 -2.500000000000000000e-01 5.546879768371582031e-01
0.000000000000000000e+00 -8.750000000000000000e-01 6.875000000000000000e-01
4.687500000000000000e-02 -8.671879768371582031e-01 6.875000000000000000e-01
-4.687500000000000000e-02 -8.671879768371582031e-01 6.875000000000000000e-01
9.375000000000000000e-02 -8.203120231628417969e-01 7.109379768371582031e-01
-9.375000000000000000e-02 -8.203120231628417969e-01 7.109379768371582031e-01
9.375000000000000000e-02 -7.421879768371582031e-01 7.265620231628417969e-01
-9.375000000000000000e-02 -7.421879768371582031e-01 7.265620231628417969e-01
0.000000000000000000e+00 -7.812500000000000000e-01 6.562500000000000000e-01
9.375000000000000000e-02 -7.500000000000000000e-01 6.640620231628417969e-01
-9.375000000000000000e-02 -7.500000000000000000e-01 6.640620231628417969e-01
9.375000000000000000e-02 -8.125000000000000000e-01 6.406250000000000000e-01
-9.375000000000000000e-02 -8.125000000000000000e-01 6.406250000000000000e-01
4.687500000000000000e-02 -8.515620231628417969e-01 6.328120231628417969e-01
-4.687500000000000000e-02 -8.515620231628417969e-01 6.328120231628417969e-01
0.000000000000000000e+00 -8.593750000000000000e-01 6.328120231628417969e-01
1.718750000000000000e-01 2.187500000000000000e-01 7.812500000000000000e-01
-1.718750000000000000e-01 2.187500000000000000e-01 7.812500000000000000e-01
1.875000000000000000e-01 1.562500000000000000e-01 7.734379768371582031e-01
-1.875000000000000000e-01 1.562500000000000000e-01 7.734379768371582031e-01
3.359380066394805908e-01 4.296880066394805908e-01 7.578120231628417969e-01
-3.359380066394805908e-01 4.296880066394805908e-01 7.578120231628417969e-01
2.734380066394805908e-01 4.218750000000000000e-01 7.734379768371582031e-01
-2.734380066394805908e-01 4.218750000000000000e-01 7.734379768371582031e-01
4.218750000000000000e-01 3.984380066394805908e-01 7.734379768371582031e-01
-4.218750000000000000e-01 3.984380066394805908e-01 7.734379768371582031e-01
5.625000000000000000e-01 3.515619933605194092e-01 6.953120231628417969e-01
-5.625000000000000000e-01 3.515619933605194092e-01 6.953120231628417969e-01
5.859379768371582031e-01 2.890619933605194092e-01 6.875000000000000000e-01
-5.859379768371582031e-01 2.890619933605194092e-01 6.875000000000000000e-01
5.781250000000000000e-01 1.953119933605194092e-01 6.796879768371582031e-01
-5.781250000000000000e-01 1.953119933605194092e-01 6.796879768371582031e-01
4.765619933605194092e-01 1.015620008111000061e-01 7.187500000000000000e-01
-4.765619933605194092e-01 1.015620008111000061e-01 7.187500000000000000e-01
3.750000000000000000e-01 6.250000000000000000e-02 7.421879768371582031e-01
-3.750000000000000000e-01 6.250000000000000000e-02 7.421879768371582031e-01
2.265619933605194092e-01 1.093750000000000000e-01 7.812500000000000000e-01
-2.265619933605194092e-01 1.093750000000000000e-01 7.812500000000000000e-01
1.796880066394805908e-01 2.968750000000000000e-01 7.812500000000000000e-01
-1.796880066394805908e-01 2.968750000000000000e-01 7.812500000000000000e-01
2.109380066394805908e-01 3.750000000000000000e-01 7.812500000000000000e-01
-2.109380066394805908e-01 3.750000000000000000e-01 7.812500000000000000e-01
2.343750000000000000e-01 3.593750000000000000e-01 7.578120231628417969e-01
-2.343750000000000000e-01 3.593750000000000000e-01 7.578120231628417969e-01
1.953119933605194092e-01 2.968750000000000000e-01 7.578120231628417969e-01
-1.953119933605194092e-01 2.968750000000000000e-01 7.578120231628417969e-01
2.421880066394805908e-01 1.250000000000000000e-01 7.578120231628417969e-01
-2.421880066394805908e-01 1.250000000000000000e-01 7.578120231628417969e-01
3.750000000000000000e-01 8.593799918889999390e-02 7.265620231628417969e-01
-3.750000000000000000e-01 8.593799918889999390e-02 7.265620231628417969e-01
4.609380066394805908e-01 1.171879991888999939e-01 7.031250000000000000e-01
-4.609380066394805908e-01 1.171879991888999939e-01 7.031250000000000000e-01
5.468750000000000000e-01 2.109380066394805908e-01 6.718750000000000000e-01
-5.468750000000000000e-01 2.109380066394805908e-01 6.718750000000000000e-01
5.546879768371582031e-01 2.812500000000000000e-01 6.718750000000000000e-01
-5.546879768371582031e-01 2.812500000000000000e-01 6.718750000000000000e-01
5.312500000000000000e-01 3.359380066394805908e-01 6.796879768371582031e-01
-5.312500000000000000e-01 3.359380066394805908e-01 6.796879768371582031e-01
4.140619933605194092e-01 3.906250000000000000e-01 7.500000000000000000e-01
-4.140619933605194092e-01 3.906250000000000000e-01 7.500000000000000000e-01
2.812500000000000000e-01 3.984380066394805908e-01 7.656250000000000000e-01
-2.812500000000000000e-01 3.984380066394805908e-01 7.656250000000000000e-01
3.359380066394805908e-01 4.062500000000000000e-01 7.500000000000000000e-01
-3.359380066394805908e-01 4.062500000000000000e-01 7.500000000000000000e-01
2.031250000000000000e-01 1.718750000000000000e-01 7.500000000000000000e-01
-2.031250000000000000e-01 1.718750000000000000e-01 7.500000000000000000e-01
1.953119933605194092e-01 2.265619933605194092e-01 7.500000000000000000e-01
-1.953119933605194092e-01 2.265619933605194092e-01 7.500000000000000000e-01
1.093750000000000000e-01 4.609380066394805908e-01 6.093750000000000000e-01
-1.093750000000000000e-01 4.609380066394805908e-01 6.093750000000000000e-01
1.953119933605194092e-01 6.640620231628417969e-01 6.171879768371582031e-01
-1.953119933605194092e-01 6.640620231628417969e-01 6.171879768371582031e-01
3.359380066394805908e-01 6.875000000000000000e-01 5.937500000000000000e-01
-3.359380066394805908e-01 6.875000000000000000e-01 5.937500000000000000e-01
4.843750000000000000e-01 5.546879768371582031e-01 5.546879768371582031e-01
-4.843750000000000000e-01 5.546879768371582031e-01 5.546879768371582031e-01
6.796879768371582031e-01 4.531250000000000000e-01 4.921880066394805908e-01
-6.796879768371582031e-01 4.531250000000000000e-01 4.921880066394805908e-01
7.968750000000000000e-01 4.062500000000000000e-01 4.609380066394805908e-01
-7.968750000000000000e-01 4.062500000000000000e-01 4.609380066394805908e-01
7.734379768371582031e-01 1.640619933605194092e-01 3.750000000000000000e-01
-7.734379768371582031e-01 1.640619933605194092e-01 3.750000000000000000e-01
6.015620231628417969e-01 0.000000000000000000e+00 4.140619933605194092e-01
-6.015620231628417969e-01 0.000000000000000000e+00 4.140619933605194092e-01
4.375000000000000000e-01 -9.375000000000000000e-02 4.687500000000000000e-01
-4.375000000000000000e-01 -9.375000000000000000e-02 4.687500000000000000e-01
0.000000000000000000e+00 8.984379768371582031e-01 2.890619933605194092e-01
0.000000000000000000e+00 9.843750000000000000e-01 -7.812500000000000000e-02
0.000000000000000000e+00 -1.953119933605194092e-01 -6.718750000000000000e-01
0.000000000000000000e+00 -4.609380066394805908e-01 1.875000000000000000e-01
0.000000000000000000e+00 -9.765620231628417969e-01 4.609380066394805908e-01
0.000000000000000000e+00 -8.046879768371582031e-01 3.437500000000000000e-01
0.000000000000000000e+00 -5.703120231628417969e-01 3.203119933605194092e-01
0.000000000000000000e+00 -4.843750000000000000e-01 2.812500000000000000e-01
8.515620231628417969e-01 2.343750000000000000e-01 5.468799918889999390e-02
-8.515620231628417969e-01 2.343750000000000000e-01 5.468799918889999390e-02
8.593750000000000000e-01 3.203119933605194092e-01 -4.687500000000000000e-02
-8.593750000000000000e-01 3.203119933605194092e-01 -4.687500000000000000e-02
7.734379768371582031e-01 2.656250000000000000e-01 -4.375000000000000000e-01
-7.734379768371582031e-01 2.656250000000000000e-01 -4.375000000000000000e-01
4.609380066394805908e-01 4.375000000000000000e-01 -7.031250000000000000e-01
-4.609380066394805908e-01 4.375000000000000000e-01 -7.031250000000000000e-01
7.343750000000000000e-01 -4.687500000000000000e-02 7.031200081110000610e-02
-7.343750000000000000e-01 -4.687500000000000000e-02 7.031200081110000610e-02
5.937500000000000000e-01 -1.250000000000000000e-01 -1.640619933605194092e-01
-5.937500000000000000e-01 -1.250000000000000000e-01 -1.640619933605194092e-01
6.406250000000000000e-01 -7.811999879777431488e-03 -4.296880066394805908e-01
-6.406250000000000000e-01 -7.811999879777431488e-03 -4.296880066394805908e-01
3.359380066394805908e-01 5.468799918889999390e-02 -6.640620231628417969e-01
-3.359380066394805908e-01 5.468799918889999390e-02 -6.640620231628417969e-01
2.343750000000000000e-01 -3.515619933605194092e-01 4.062500000000000000e-01
-2.343750000000000000e-01 -3.515619933605194092e-01 4.062500000000000000e-01
1.796880066394805908e-01 -4.140619933605194092e-01 2.578119933605194092e-01
-1.796880066394805908e-01 -4.140619933605194092e-01 2.578119933605194092e-01
2.890619933605194092e-01 -7.109379768371582031e-01 3.828119933605194092e-01
-2.890619933605194092e-01 -7.109379768371582031e-01 3.828119933605194092e-01
2.500000000000000000e-01 -5.000000000000000000e-01 3.906250000000000000e-01
-2.500000000000000000e-01 -5.000000000000000000e-01 3.906250000000000000e-01
3.281250000000000000e-01 -9.140620231628417969e-01 3.984380066394805908e-01
-3.281250000000000000e-01 -9.140620231628417969e-01 3.984380066394805908e-01
1.406250000000000000e-01 -7.578120231628417969e-01 3.671880066394805908e-01
-1.406250000000000000e-01 -7.578120231628417969e-01 3.671880066394805908e-01
1.250000000000000000e-01 -5.390620231628417969e-01 3.593750000000000000e-01
-1.250000000000000000e-01 -5.390620231628417969e-01 3.593750000000000000e-01
1.640619933605194092e-01 -9.453120231628417969e-01 4.375000000000000000e-01
-1.640619933605194092e-01 -9.453120231628417969e-01 4.375000000000000000e-01
2.187500000000000000e-01 -2.812500000000000000e-01 4.296880066394805908e-01
-2.187500000000000000e-01 -2.812500000000000000e-01 4.296880066394805908e-01
2.109380066394805908e-01 -2.265619933605194092e-01 4.687500000000000000e-01
-2.109380066394805908e-01 -2.265619933605194092e-01 4.687500000000000000e-01
2.031250000000000000e-01 -1.718750000000000000e-01 5.000000000000000000e-01
-2.031250000000000000e-01 -1.718750000000000000e-01 5.000000000000000000e-01
2.109380066394805908e-01 -3.906250000000000000e-01 1.640619933605194092e-01
-2.109380066394805908e-01 -3.906250000000000000e-01 1.640619933605194092e-01
2.968750000000000000e-01 -3.125000000000000000e-01 -2.656250000000000000e-01
-2.968750000000000000e-01 -3.125000000000000000e-01 -2.656250000000000000e-01
3.437500000000000000e-01 -1.484380066394805908e-01 -5.390620231628417969e-01
-3.437500000000000000e-01 -1.484380066394805908e-01 -5.390620231628417969e-01
4.531250000000000000e-01 8.671879768371582031e-01 -3.828119933605194092e-01
-4.531250000000000000e-01 8.671879768371582031e-01 -3.828119933605194092e-01
4.531250000000000000e-01 9.296879768371582031e-01 -7.031200081110000610e-02
-4.531250000000000000e-01 9.296879768371582031e-01 -7.031200081110000610e-02
4.531250000000000000e-01 8.515620231628417969e-01 2.343750000000000000e-01
-4.531250000000000000e-01 8.515620231628417969e-01 2.343750000000000000e-01
4.609380066394805908e-01 5.234379768371582031e-01 4.296880066394805908e-01
-4.609380066394805908e-01 5.234379768371582031e-01 4.296880066394805908e-01
7.265620231628417969e-01 4.062500000000000000e-01 3.359380066394805908e-01
-7.265620231628417969e-01 4.062500000000000000e-01 3.359380066394805908e-01
6.328120231628417969e-01 4.531250000000000000e-01 2.812500000000000000e-01
-6.328120231628417969e-01 4.531250000000000000e-01 2.812500000000000000e-01
6.406250000000000000e-01 7.031250000000000000e-01 5.468799918889999390e-02
-6.406250000000000000e-01 7.031250000000000000e-01 5.468799918889999390e-02
7.968750000000000000e-01 5.625000000000000000e-01 1.250000000000000000e-01
-7.968750000000000000e-01 5.625000000000000000e-01 1.250000000000000000e-01
7.968750000000000000e-01 6.171879768371582031e-01 -1.171879991888999939e-01
-7.968750000000000000e-01 6.171879768371582031e-01 -1.171879991888999939e-01
6.406250000000000000e-01 7.500000000000000000e-01 -1.953119933605194092e-01
-6.406250000000000000e-01 7.500000000000000000e-01 -1.953119933605194092e-01
6.406250000000000000e-01 6.796879768371582031e-01 -4.453119933605194092e-01
-6.406250000000000000e-01 6.796879768371582031e-01 -4.453119933605194092e-01
7.968750000000000000e-01 5.390620231628417969e-01 -3.593750000000000000e-01
-7.968750000000000000e-01 5.390620231628417969e-01 -3.593750000000000000e-01
6.171879768371582031e-01 3.281250000000000000e-01 -5.859379768371582031e-01
-6.171879768371582031e-01 3.281250000000000000e-01 -5.859379768371582031e-01
4.843750000000000000e-01 2.343799918889999390e-02 -5.468750000000000000e-01
-4.843750000000000000e-01 2.343799918889999390e-02 -5.468750000000000000e-01
8.203120231628417969e-01 3.281250000000000000e-01 -2.031250000000000000e-01
-8.203120231628417969e-01 3.281250000000000000e-01 -2.031250000000000000e-01
4.062500000000000000e-01 -1.718750000000000000e-01 1.484380066394805908e-01
-4.062500000000000000e-01 -1.718750000000000000e-01 1.484380066394805908e-01
4.296880066394805908e-01 -1.953119933605194092e-01 -2.109380066394805908e-01
-4.296880066394805908e-01 -1.953119933605194092e-01 -2.109380066394805908e-01
8.906250000000000000e-01 4.062500000000000000e-01 -2.343750000000000000e-01
-8.906250000000000000e-01 4.062500000000000000e-01 -2.343750000000000000e-01
7.734379768371582031e-01 -1.406250000000000000e-01 -1.250000000000000000e-01
-7.734379768371582031e-01 -1.406250000000000000e-01 -1.250000000000000000e-01
1.039062023162841797e+00 -1.015620008111000061e-01 -3.281250000000000000e-01
-1.039062023162841797e+00 -1.015620008111000061e-01 -3.281250000000000000e-01
1.281250000000000000e+00 5.468799918889999390e-02 -4.296880066394805908e-01
-1.281250000000000000e+00 5.468799918889999390e-02 -4.296880066394805908e-01
1.351562023162841797e+00 3.203119933605194092e-01 -4.218750000000000000e-01
-1.351562023162841797e+00 3.203119933605194092e-01 -4.218750000000000000e-01
1.234375000000000000e+00 5.078120231628417969e-01 -4.218750000000000000e-01
-1.234375000000000000e+00 5.078120231628417969e-01 -4.218750000000000000e-01
1.023437976837158203e+00 4.765619933605194092e-01 -3.125000000000000000e-01
-1.023437976837158203e+00 4.765619933605194092e-01 -3.125000000000000000e-01
1.015625000000000000e+00 4.140619933605194092e-01 -2.890619933605194092e-01
-1.015625000000000000e+00 4.140619933605194092e-01 -2.890619933605194092e-01
1.187500000000000000e+00 4.375000000000000000e-01 -3.906250000000000000e-01
-1.187500000000000000e+00 4.375000000000000000e-01 -3.906250000000000000e-01
1.265625000000000000e+00 2.890619933605194092e-01 -4.062500000000000000e-01
-1.265625000000000000e+00 2.890619933605194092e-01 -4.062500000000000000e-01
1.210937976837158203e+00 7.812500000000000000e-02 -4.062500000000000000e-01
-1.210937976837158203e+00 7.812500000000000000e-02 -4.062500000000000000e-01
1.031250000000000000e+00 -3.906200081110000610e-02 -3.046880066394805908e-01
-1.031250000000000000e+00 -3.906200081110000610e-02 -3.046880066394805908e-01
8.281250000000000000e-01 -7.031200081110000610e-02 -1.328119933605194092e-01
-8.281250000000000000e-01 -7.031200081110000610e-02 -1.328119933605194092e-01
9.218750000000000000e-01 3.593750000000000000e-01 -2.187500000000000000e-01
-9.218750000000000000e-01 3.593750000000000000e-01 -2.187500000000000000e-01
9.453120231628417969e-01 3.046880066394805908e-01 -2.890619933605194092e-01
-9.453120231628417969e-01 3.046880066394805908e-01 -2.890619933605194092e-01
8.828120231628417969e-01 -2.343799918889999390e-02 -2.109380066394805908e-01
-8.828120231628417969e-01 -2.343799918889999390e-02 -2.109380066394805908e-01
1.039062023162841797e+00 0.000000000000000000e+00 -3.671880066394805908e-01
-1.039062023162841797e+00 0.000000000000000000e+00 -3.671880066394805908e-01
1.187500000000000000e+00 9.375000000000000000e-02 -4.453119933605194092e-01
-1.187500000000000000e+00 9.375000000000000000e-02 -4.453119933605194092e-01
1.234375000000000000e+00 2.500000000000000000e-01 -4.453119933605194092e-01
-1.234375000000000000e+00 2.500000000000000000e-01 -4.453119933605194092e-01
1.171875000000000000e+00 3.593750000000000000e-01 -4.375000000000000000e-01
-1.171875000000000000e+00 3.593750000000000000e-01 -4.375000000000000000e-01
1.023437976837158203e+00 3.437500000000000000e-01 -3.593750000000000000e-01
-1.023437976837158203e+00 3.437500000000000000e-01 -3.593750000000000000e-01
8.437500000000000000e-01 2.890619933605194092e-01 -2.109380066394805908e-01
-8.437500000000000000e-01 2.890619933605194092e-01 -2.109380066394805908e-01
8.359379768371582031e-01 1.718750000000000000e-01 -2.734380066394805908e-01
-8.359379768371582031e-01 1.718750000000000000e-01 -2.734380066394805908e-01
7.578120231628417969e-01 9.375000000000000000e-02 -2.734380066394805908e-01
-7.578120231628417969e-01 9.375000000000000000e-02 -2.734380066394805908e-01
8.203120231628417969e-01 8.593799918889999390e-02 -2.734380066394805908e-01
-8.203120231628417969e-01 8.593799918889999390e-02 -2.734380066394805908e-01
8.437500000000000000e-01 1.562500000000000000e-02 -2.734380066394805908e-01
-8.437500000000000000e-01 1.562500000000000000e-02 -2.734380066394805908e-01
8.125000000000000000e-01 -1.562500000000000000e-02 -2.734380066394805908e-01
-8.125000000000000000e-01 -1.562500000000000000e-02 -2.734380066394805908e-01
7.265620231628417969e-01 0.000000000000000000e+00 -7.031200081110000610e-02
-7.265620231628417969e-01 0.000000000000000000e+00 -7.031200081110000610e-02
7.187500000000000000e-01 -2.343799918889999390e-02 -1.718750000000000000e-01
-7.187500000000000000e-01 -2.343799918889999390e-02 -1.718750000000000000e-01
7.187500000000000000e-01 3.906200081110000610e-02 -1.875000000000000000e-01
-7.187500000000000000e-01 3.906200081110000610e-02 -1.875000000000000000e-01
7.968750000000000000e-01 2.031250000000000000e-01 -2.109380066394805908e-01
-7.968750000000000000e-01 2.031250000000000000e-01 -2.109380066394805908e-01
8.906250000000000000e-01 2.421880066394805908e-01 -2.656250000000000000e-01
-8.906250000000000000e-01 2.421880066394805908e-01 -2.656250000000000000e-01
8.906250000000000000e-01 2.343750000000000000e-01 -3.203119933605194092e-01
-8.906250000000000000e-01 2.343750000000000000e-01 -3.203119933605194092e-01
8.125000000000000000e-01 -1.562500000000000000e-02 -3.203119933605194092e-01
-8.125000000000000000e-01 -1.562500000000000000e-02 -3.203119933605194092e-01
8.515620231628417969e-01 1.562500000000000000e-02 -3.203119933605194092e-01
-8.515620231628417969e-01 1.562500000000000000e-02 -3.203119933605194092e-01
8.281250000000000000e-01 7.812500000000000000e-02 -3.203119933605194092e-01
-8.281250000000000000e-01 7.812500000000000000e-02 -3.203119933605194092e-01
7.656250000000000000e-01 9.375000000000000000e-02 -3.203119933605194092e-01
-7.656250000000000000e-01 9.375000000000000000e-02 -3.203119933605194092e-01
8.437500000000000000e-01 1.718750000000000000e-01 -3.203119933605194092e-01
-8.437500000000000000e-01 1.718750000000000000e-01 -3.203119933605194092e-01
1.039062023162841797e+00 3.281250000000000000e-01 -4.140619933605194092e-01
-1.039062023162841797e+00 3.281250000000000000e-01 -4.140619933605194092e-01
1.187500000000000000e+00 3.437500000000000000e-01 -4.843750000000000000e-01
-1.187500000000000000e+00 3.437500000000000000e-01 -4.843750000000000000e-01
1.257812023162841797e+00 2.421880066394805908e-01 -4.921880066394805908e-01
-1.257812023162841797e+00 2.421880066394805908e-01 -4.921880066394805908e-01
1.210937976837158203e+00 8.593799918889999390e-02 -4.843750000000000000e-01
-1.210937976837158203e+00 8.593799918889999390e-02 -4.843750000000000000e-01
1.046875000000000000e+00 0.000000000000000000e+00 -4.218750000000000000e-01
-1.046875000000000000e+00 0.000000000000000000e+00 -4.218750000000000000e-01
8.828120231628417969e-01 -1.562500000000000000e-02 -2.656250000000000000e-01
-8.828120231628417969e-01 -1.562500000000000000e-02 -2.656250000000000000e-01
9.531250000000000000e-01 2.890619933605194092e-01 -3.437500000000000000e-01
-9.531250000000000000e-01 2.890619933605194092e-01 -3.437500000000000000e-01
8.906250000000000000e-01 1.093750000000000000e-01 -3.281250000000000000e-01
-8.906250000000000000e-01 1.093750000000000000e-01 -3.281250000000000000e-01
9.375000000000000000e-01 6.250000000000000000e-02 -3.359380066394805908e-01
-9.375000000000000000e-01 6.250000000000000000e-02 -3.359380066394805908e-01
1.000000000000000000e+00 1.250000000000000000e-01 -3.671880066394805908e-01
-1.000000000000000000e+00 1.250000000000000000e-01 -3.671880066394805908e-01
9.609379768371582031e-01 1.718750000000000000e-01 -3.515619933605194092e-01
-9.609379768371582031e-01 1.718750000000000000e-01 -3.515619933605194092e-01
1.015625000000000000e+00 2.343750000000000000e-01 -3.750000000000000000e-01
-1.015625000000000000e+00 2.343750000000000000e-01 -3.750000000000000000e-01
1.054687976837158203e+00 1.875000000000000000e-01 -3.828119933605194092e-01
-1.054687976837158203e+00 1.875000000000000000e-01 -3.828119933605194092e-01
1.109375000000000000e+00 2.109380066394805908e-01 -3.906250000000000000e-01
-1.109375000000000000e+00 2.109380066394805908e-01 -3.906250000000000000e-01
1.085937976837158203e+00 2.734380066394805908e-01 -3.906250000000000000e-01
-1.085937976837158203e+00 2.734380066394805908e-01 -3.906250000000000000e-01
1.023437976837158203e+00 4.375000000000000000e-01 -4.843750000000000000e-01
-1.023437976837158203e+00 4.375000000000000000e-01 -4.843750000000000000e-01
1.250000000000000000e+00 4.687500000000000000e-01 -5.468750000000000000e-01
-1.250000000000000000e+00 4.687500000000000000e-01 -5.468750000000000000e-01
1.367187976837158203e+00 2.968750000000000000e-01 -5.000000000000000000e-01
-1.367187976837158203e+00 2.968750000000000000e-01 -5.000000000000000000e-01
1.312500000000000000e+00 5.468799918889999390e-02 -5.312500000000000000e-01
-1.312500000000000000e+00 5.468799918889999390e-02 -5.312500000000000000e-01
1.039062023162841797e+00 -8.593799918889999390e-02 -4.921880066394805908e-01
-1.039062023162841797e+00 -8.593799918889999390e-02 -4.921880066394805908e-01
7.890620231628417969e-01 -1.250000000000000000e-01 -3.281250000000000000e-01
-7.890620231628417969e-01 -1.250000000000000000e-01 -3.281250000000000000e-01
8.593750000000000000e-01 3.828119933605194092e-01 -3.828119933605194092e-01
-8.593750000000000000e-01 3.828119933605194092e-01 -3.828119933605194092e-01
