0.000000 7.329583 -0.385385
0.000000 7.329583 0.559215
-0.375435 7.329583 -0.246417
-0.375435 7.329583 0.420247
0.375435 7.329583 -0.246417
0.375435 7.329583 0.420247
-0.343460 6.859247 -0.218028
-0.343460 6.859247 0.391858
0.000000 6.859247 -0.345160
0.000000 6.859247 0.518990
0.343460 6.859247 0.391858
0.343460 6.859247 -0.218028
-1.064588 6.864142 -0.577242
-0.919410 6.646126 0.866276
-0.000000 6.645524 1.087534
0.919410 6.646126 0.866276
1.064588 6.864142 -0.577242
-0.621517 5.586173 -0.217066
-0.621517 5.586173 0.390897
-0.000000 5.586173 -0.367502
-0.000000 5.586173 0.541333
0.621517 5.586173 0.390897
0.621517 5.586173 -0.217066
-0.845134 5.650374 -0.456214
-0.759589 5.770280 0.773867
-0.000000 5.650448 -0.660253
-0.000000 5.770170 0.953184
0.759589 5.770280 0.773867
0.845134 5.650374 -0.456214
-0.000000 5.101976 -0.288394
-0.000000 5.101976 0.462224
-0.513318 5.101976 -0.164147
-0.513318 5.101976 0.337977
0.513318 5.101976 0.337977
0.513318 5.101976 -0.164147
-0.000000 6.859247 0.949291
1.064588 6.859247 0.691611
-1.064588 6.859247 0.691611
-0.000000 5.620949 0.931691
0.880416 5.621230 0.721941
-0.880416 5.621230 0.721941
-0.000000 6.614638 0.955637
-0.000000 5.838474 0.835015
0.757292 6.546618 0.759882
-0.757292 6.546618 0.759882
0.640590 5.906495 0.692416
-0.640590 5.906495 0.692416
-1.129469 6.859247 -0.568831
-1.094804 6.795161 0.846608
-0.000000 6.794746 1.109027
1.094804 6.795161 0.846608
1.129469 6.859247 -0.568831
-0.000000 5.586173 -0.651139
-0.897193 5.586173 -0.433977
0.897193 5.586173 -0.433977
-0.000000 6.873764 -0.855983
-1.033187 6.884783 -0.593766
1.033187 6.884783 -0.593766
-0.000000 6.889979 0.904614
-0.000000 5.677494 -0.688148
-1.026809 6.889979 0.656055
1.026809 6.889979 0.656055
-0.824807 5.677590 -0.490194
0.824807 5.677590 -0.490194
-0.000000 6.859247 1.016046
1.129469 6.859247 0.742662
-1.129469 6.859247 0.742662
-0.000000 5.586173 0.824970
0.897193 5.586173 0.607807
-0.897193 5.586173 0.607807
-0.000000 6.610792 0.980819
0.837677 6.611078 0.776041
-0.837677 6.611078 0.776041
-0.000000 5.834628 0.860197
0.695959 5.834342 0.693763
-0.695959 5.834342 0.693763
-0.000000 6.546249 0.945769
0.837677 6.614925 0.750859
-0.837677 6.614925 0.750859
-0.000000 5.906863 0.844883
0.695959 5.838188 0.668581
-0.695959 5.838188 0.668581
-0.000000 6.507094 0.988450
-0.000000 5.928929 0.897224
0.684780 6.507427 0.820362
-0.684780 6.507427 0.820362
0.579253 5.928596 0.759356
-0.579253 5.928596 0.759356
1.134124 6.797372 0.429838
1.134124 6.797372 -0.256008
1.043074 6.042977 0.287528
1.043074 6.042977 -0.113698
1.594699 6.716395 0.384562
1.594699 6.716395 -0.210732
1.387935 6.116838 0.234209
1.387935 6.116838 -0.060379
0.941742 6.021275 0.408003
0.941742 6.021275 -0.234173
1.498234 6.187687 0.278328
1.498234 6.187687 -0.104498
1.150900 5.539529 0.287528
1.150900 5.539529 -0.113698
1.495760 5.613389 0.234209
1.495760 5.613389 -0.060379
1.009898 5.509330 0.451575
1.009898 5.509330 -0.277745
1.722096 5.604274 0.296655
1.722096 5.604274 -0.122825
1.386451 4.357208 0.304024
1.386451 4.357208 -0.130194
1.765102 4.438304 0.245481
1.765102 4.438304 -0.071651
1.262345 4.330627 0.451575
1.262345 4.330627 -0.277745
1.950956 4.535700 0.296655
1.950956 4.535700 -0.122825
1.428853 4.159226 0.304024
1.428853 4.159226 -0.130194
1.807504 4.240323 0.245481
1.807504 4.240323 -0.071651
1.094224 4.911005 0.500320
1.874587 5.078138 0.328801
1.874587 5.078138 -0.154971
1.094224 4.911005 -0.326490
1.084921 6.806023 0.491130
1.084921 6.806023 -0.317300
1.489267 6.138540 0.323351
1.489267 6.138540 -0.149520
1.590143 6.719860 -0.160773
1.590143 6.719860 0.334603
1.645325 6.767324 0.334603
1.645325 6.767324 -0.160773
1.146321 6.869130 0.429838
1.146321 6.869130 -0.256008
1.569960 6.175300 0.278328
1.569960 6.175300 -0.104498
1.636762 5.643587 0.354656
1.636762 5.643587 -0.180826
1.889208 4.464885 0.354656
1.889208 4.464885 -0.180826
1.804882 5.063210 0.390446
1.804882 5.063210 -0.216616
-1.134124 6.797372 -0.256008
-1.134124 6.797372 0.429838
-1.043074 6.042977 -0.113698
-1.043074 6.042977 0.287528
-1.594699 6.716395 -0.210732
-1.594699 6.716395 0.384562
-1.387935 6.116838 -0.060379
-1.387935 6.116838 0.234209
-0.941742 6.021275 -0.234173
-0.941742 6.021275 0.408003
-1.498234 6.187687 -0.104498
-1.498234 6.187687 0.278328
-1.150900 5.539529 -0.113698
-1.150900 5.539529 0.287528
-1.495760 5.613389 -0.060379
-1.495760 5.613389 0.234209
-1.009898 5.509330 -0.277745
-1.009898 5.509330 0.451575
-1.722096 5.604274 -0.122825
-1.722096 5.604274 0.296655
-1.386451 4.357208 -0.130194
-1.386451 4.357208 0.304024
-1.765102 4.438304 -0.071651
-1.765102 4.438304 0.245481
-1.262345 4.330627 -0.277745
-1.262345 4.330627 0.451575
-1.950956 4.535700 -0.122825
-1.950956 4.535700 0.296655
-1.428853 4.159226 -0.130194
-1.428853 4.159226 0.304024
-1.807504 4.240323 -0.071651
-1.807504 4.240323 0.245481
-1.094224 4.911005 -0.326490
-1.874587 5.078138 -0.154971
-1.874587 5.078138 0.328801
-1.094224 4.911005 0.500320
-1.084921 6.806023 -0.317300
-1.084921 6.806023 0.491130
-1.489267 6.138540 -0.149520
-1.489267 6.138540 0.323351
-1.590143 6.719860 -0.160773
-1.590143 6.719860 0.334603
-1.645325 6.767324 -0.160773
-1.645325 6.767324 0.334603
-1.146321 6.869130 -0.256008
-1.146321 6.869130 0.429838
-1.569960 6.175300 -0.104498
-1.569960 6.175300 0.278328
-1.636762 5.643587 -0.180826
-1.636762 5.643587 0.354656
-1.889208 4.464885 -0.180826
-1.889208 4.464885 0.354656
-1.804882 5.063210 -0.216616
-1.804882 5.063210 0.390446
-0.707247 4.237078 -0.236448
-0.075732 4.237078 -0.389304
-0.075732 4.237078 0.563135
-0.707247 4.237078 0.410279
-0.075732 3.544949 -0.389304
-0.707247 3.619512 -0.161885
-0.707247 3.619512 0.410279
-0.148203 3.619512 0.545593
-0.638228 3.544949 -0.182143
-0.144750 3.544949 -0.301588
-0.144750 3.544949 0.475418
-0.638228 3.544949 0.355973
-0.194073 2.959528 -0.223927
-0.588906 2.959528 -0.128359
-0.588906 2.959528 0.302189
-0.194073 2.959528 0.397757
-0.707247 4.162515 0.410279
-0.707247 4.162515 -0.161885
-0.707247 3.544949 -0.236448
-0.148203 4.162515 0.545593
-0.707247 3.544949 0.410279
-0.075732 3.544949 0.563135
-0.712907 4.162515 -0.161885
-0.711695 4.162515 0.413779
-0.149535 4.162515 0.551094
-0.711695 3.619512 0.413779
-0.712907 3.619512 -0.161885
-0.149535 3.619512 0.551094
0.075732 4.237078 -0.389304
0.707247 4.237078 -0.236448
0.707247 4.237078 0.410279
0.075732 4.237078 0.563135
0.707247 3.619512 -0.161885
0.075732 3.544949 -0.389304
0.148203 3.619512 0.545593
0.707247 3.619512 0.410279
0.144750 3.544949 -0.301588
0.638228 3.544949 -0.182143
0.638228 3.544949 0.355973
0.144750 3.544949 0.475418
0.588906 2.959528 -0.128359
0.194073 2.959528 -0.223927
0.194073 2.959528 0.397757
0.588906 2.959528 0.302189
0.588906 2.959528 -0.128359
0.194073 2.959528 -0.223927
0.194073 2.959528 0.397757
0.588906 2.959528 0.302189
0.707247 4.162515 0.410279
0.707247 3.544949 0.410279
0.707247 4.162515 -0.161885
0.148203 4.162515 0.545593
0.707247 3.544949 -0.236448
0.075732 3.544949 0.563135
0.711695 4.162515 0.413779
0.712907 4.162515 -0.161885
0.149535 4.162515 0.551094
0.711695 3.619512 0.413779
0.712907 3.619512 -0.161885
0.149535 3.619512 0.551094
0.891341 7.722174 -0.037560
0.775026 7.516108 -0.331220
0.312803 7.780213 0.824270
0.312803 7.458068 0.824270
-0.891341 7.722174 -0.037560
-0.775026 7.516108 -0.331220
-0.312803 7.780213 0.824270
-0.312803 7.458068 0.824270
0.000000 7.232337 -0.601196
0.000000 7.908345 0.824270
0.000000 7.329936 0.824270
0.000000 8.128348 -0.501295
-0.775026 7.516108 0.505051
-0.891341 7.722174 0.211390
0.891341 7.722174 0.211390
0.775026 7.516108 0.505051
0.000000 8.128348 0.675126
0.000000 7.194913 0.824270
0.000000 7.754905 0.930906
0.000000 7.483376 0.930906
-0.161729 7.549624 0.930906
-0.161729 7.688657 0.930906
0.161729 7.688657 0.930906
0.161729 7.549624 0.930906
-0.661756 7.503409 -0.601196
-0.663157 7.466559 0.824270
0.682581 7.848746 -0.501295
0.661756 7.503409 -0.601196
-0.682581 7.848746 0.675126
0.682581 7.848746 0.675126
0.663157 7.466559 0.824270
-0.682581 7.848746 -0.501295
-1.152428 7.516108 -0.331220
-1.152428 7.516108 0.505051
1.036113 7.722174 -0.037560
1.152428 7.516108 -0.331220
-1.036113 7.722174 0.211390
1.036113 7.722174 0.211390
1.152428 7.516108 0.505051
-1.036113 7.722174 -0.037560
0.775026 7.722174 -0.331220
0.775026 7.722174 0.505051
-0.775026 7.722174 0.505051
-0.775026 7.722174 -0.331220
1.152428 7.722174 -0.331220
1.152428 7.722174 0.505051
-1.152428 7.722174 0.505051
-1.152428 7.722174 -0.331220
0.937291 9.284958 0.041456
0.937291 9.284958 0.132375
-0.937291 9.284958 0.132375
-0.937291 9.284958 0.041456
0.990163 9.284958 0.041456
0.990163 9.284958 0.132375
-0.990163 9.284958 0.132375
-0.990163 9.284958 0.041456
0.000000 8.043368 0.824270
-0.663157 7.771722 0.824270
0.661756 7.734872 -0.601196
0.663157 7.771722 0.824270
-0.661756 7.734872 -0.601196
0.000000 8.005944 -0.601196
0.000000 8.185677 -0.458626
0.000000 8.185677 0.632456
-0.633066 7.926356 0.632456
0.633066 7.926356 -0.458626
0.633066 7.926356 0.632456
-0.633066 7.926356 -0.458626
0.000000 7.109933 -0.601196
-0.775026 7.427403 -0.601196
0.775026 7.810878 -0.601196
0.775026 7.427403 -0.601196
-0.775026 7.810878 -0.601196
0.000000 8.128348 -0.601196
-0.000000 7.958906 -0.761636
-0.000000 7.279375 -0.761636
-0.581282 7.517483 -0.761636
0.581282 7.720798 -0.761636
0.581282 7.517483 -0.761636
-0.581282 7.720798 -0.761636
-0.775026 7.427403 0.775026
-0.775026 7.810878 0.775026
0.775026 7.810878 0.775026
0.775026 7.427403 0.775026
0.000000 8.128348 0.775026
0.000000 7.109933 0.775026
-0.320790 7.458705 0.775026
-0.320790 7.779576 0.775026
0.320790 7.779576 0.775026
0.320790 7.458705 0.775026
0.000000 7.910980 0.775026
0.000000 7.327302 0.775026
-0.228255 7.504984 0.930906
-0.228255 7.733297 0.930906
0.228255 7.733297 0.930906
0.228255 7.504984 0.930906
0.000000 7.826797 0.930906
0.000000 7.411485 0.930906
-0.112455 7.570804 1.023919
-0.112455 7.667478 1.023919
0.112455 7.667478 1.023919
0.112455 7.570804 1.023919
0.000000 7.713542 1.023919
0.000000 7.524739 1.023919
-0.000000 5.139069 -0.580901
-0.000000 5.139069 0.754732
-0.820122 5.024130 -0.379725
-0.820122 5.024130 0.553555
0.820122 5.024130 0.553555
0.820122 5.024130 -0.379725
-0.000000 4.328148 -0.494960
-0.000000 4.328148 0.668790
-0.707540 4.328158 -0.323610
-0.707540 4.328158 0.497440
0.707540 4.328158 0.497440
0.707540 4.328158 -0.323610
0.075732 4.237078 -0.389304
0.707247 4.237078 -0.236448
0.707247 4.237078 0.410279
0.075732 4.237078 0.563135
-0.707247 4.237078 -0.236448
-0.075732 4.237078 -0.389304
-0.075732 4.237078 0.563135
-0.707247 4.237078 0.410279
-0.000000 5.231483 -0.587575
-0.922515 5.101976 -0.364284
-0.000000 5.231483 0.761406
0.922515 5.101976 0.538114
0.922515 5.101976 -0.364284
-0.922515 5.101976 0.538114
-0.000000 4.237078 -0.485554
-0.782979 4.237078 -0.296037
-0.000000 4.237078 0.659385
0.782979 4.237078 0.469867
0.782979 4.237078 -0.296037
-0.782979 4.237078 0.469867
-0.000000 4.338493 0.720909
-0.000000 5.114070 0.803105
-0.000000 5.114070 -0.629274
-0.000000 4.338493 -0.547078
-0.796290 5.004293 -0.435499
0.796290 5.004293 0.609329
0.796290 5.004293 -0.435499
-0.796290 5.004293 0.609329
-0.688616 4.338655 -0.381830
0.688616 4.338655 0.555661
0.688616 4.338655 -0.381830
-0.688616 4.338655 0.555660
-1.319385 4.135780 -0.443369
-1.319385 4.135780 0.617199
-1.924106 4.230462 -0.266318
-1.916972 4.263768 0.474209
-1.429274 3.622698 -0.443369
-1.429274 3.622698 0.617199
-2.019728 3.783991 -0.266318
-2.026861 3.750685 0.474209
-1.319385 4.135780 -0.178227
-1.319385 4.135780 0.086915
-1.319385 4.135780 0.352057
-1.924106 4.230462 -0.140793
-1.924106 4.230462 0.120976
-1.924106 4.230462 0.246501
-1.429274 3.622698 -0.178227
-1.429274 3.622698 0.086915
-1.429274 3.622698 0.352057
-2.019728 3.783991 -0.140793
-2.019728 3.783991 0.120976
-2.019728 3.783991 0.246501
-1.471453 3.631732 0.390440
-1.471453 3.631732 0.562806
-1.984682 3.741652 0.440001
-1.984682 3.741652 0.329038
-1.471453 3.631732 -0.388976
-1.471453 3.631732 -0.216610
-1.984682 3.741652 -0.155208
-1.984682 3.741652 -0.266171
-1.471453 3.631732 -0.129751
-1.471453 3.631732 0.043780
-1.984682 3.741652 0.043780
-1.984682 3.741652 -0.068349
-1.471453 3.631732 0.130050
-1.471453 3.631732 0.303581
-1.984682 3.741652 0.242179
-1.984682 3.741652 0.130050
-1.446718 4.050941 0.592224
-1.835556 4.134220 0.499184
-1.899528 3.835524 0.499184
-1.510690 3.752246 0.592224
-1.916972 4.263768 -0.300379
-2.026861 3.750685 -0.300379
-1.916972 4.263768 -0.106732
-1.916972 4.263768 0.086915
-1.916972 4.263768 0.280562
-2.026861 3.750685 -0.106732
-2.026861 3.750685 0.086915
-2.026861 3.750685 0.280562
-1.980175 4.227475 -0.262287
-2.069655 3.809680 -0.262287
-1.980175 4.227475 -0.144824
-1.980175 4.227475 0.125007
-1.980175 4.227475 0.242470
-2.069655 3.809680 -0.144824
-2.069655 3.809680 0.125007
-2.069655 3.809680 0.242470
1.319385 4.135780 0.617199
1.319385 4.135780 -0.443369
1.916972 4.263768 0.474209
1.924106 4.230462 -0.266318
1.429274 3.622698 0.617199
1.429274 3.622698 -0.443369
2.026861 3.750685 0.474209
2.019728 3.783991 -0.266318
1.319385 4.135780 0.352057
1.319385 4.135780 0.086915
1.319385 4.135780 -0.178227
1.924106 4.230462 0.246501
1.924106 4.230462 0.120976
1.924106 4.230462 -0.140793
1.429274 3.622698 0.352057
1.429274 3.622698 0.086915
1.429274 3.622698 -0.178227
2.019728 3.783991 0.246501
2.019728 3.783991 0.120976
2.019728 3.783991 -0.140793
1.471453 3.631732 -0.216610
1.471453 3.631732 -0.388976
1.984682 3.741652 -0.266171
1.984682 3.741652 -0.155208
1.471453 3.631732 0.562806
1.471453 3.631732 0.390440
1.984682 3.741652 0.329038
1.984682 3.741652 0.440001
1.471453 3.631732 0.303581
1.471453 3.631732 0.130050
1.984682 3.741652 0.130050
1.984682 3.741652 0.242179
1.471453 3.631732 0.043780
1.471453 3.631732 -0.129751
1.984682 3.741652 -0.068349
1.984682 3.741652 0.043780
1.835556 4.134220 0.499184
1.446718 4.050941 0.592224
1.510690 3.752246 0.592224
1.899528 3.835524 0.499184
1.916972 4.263768 -0.106732
1.916972 4.263768 -0.300379
2.026861 3.750685 -0.106732
2.026861 3.750685 -0.300379
1.916972 4.263768 0.280562
1.916972 4.263768 0.086915
2.026861 3.750685 0.280562
2.026861 3.750685 0.086915
1.980175 4.227475 -0.144824
1.980175 4.227475 -0.262287
2.069655 3.809680 -0.144824
2.069655 3.809680 -0.262287
1.980175 4.227475 0.242470
1.980175 4.227475 0.125007
2.069655 3.809680 0.242470
2.069655 3.809680 0.125007
-1.446718 4.050941 0.592224
-1.835556 4.134220 0.499184
-1.899528 3.835524 0.499184
-1.510690 3.752246 0.592224
-1.610481 3.791183 1.034422
-1.896642 3.852471 0.965950
-1.943722 3.632649 0.965950
-1.657561 3.571361 1.034422
-1.471453 3.631732 0.390440
-1.471453 3.631732 0.562806
-1.984682 3.741652 0.440001
-1.984682 3.741652 0.329038
-1.602053 3.407580 0.402790
-1.602053 3.407580 0.522112
-1.957341 3.483674 0.360284
-1.957341 3.483674 0.437099
-1.621284 3.317787 0.402790
-1.621284 3.317787 0.522112
-1.976572 3.393881 0.360284
-1.976572 3.393881 0.437099
-1.616989 3.185639 0.397916
-1.616989 3.185639 0.538173
-2.034613 3.275084 0.347952
-2.034613 3.275084 0.438245
-1.802908 2.953458 0.418280
-1.802908 2.953458 0.471071
-1.960095 2.987124 0.399475
-1.960095 2.987124 0.433460
-1.471453 3.631732 0.130050
-1.471453 3.631732 0.303581
-1.984682 3.741652 0.242179
-1.984682 3.741652 0.130050
-1.602053 3.407580 0.152028
-1.602053 3.407580 0.272156
-1.957341 3.483674 0.152028
-1.957341 3.483674 0.229650
-1.621284 3.317787 0.152028
-1.621284 3.317787 0.272156
-1.976572 3.393881 0.152028
-1.976572 3.393881 0.229650
-1.616989 3.185639 0.143354
-1.616989 3.185639 0.284559
-2.034613 3.275084 0.143354
-2.034613 3.275084 0.234595
-1.802908 2.953458 0.179593
-1.802908 2.953458 0.232740
-1.960095 2.987124 0.179593
-1.960095 2.987124 0.213935
-1.471453 3.631732 -0.129751
-1.471453 3.631732 0.043780
-1.984682 3.741652 0.043780
-1.984682 3.741652 -0.068349
-1.602053 3.407580 -0.098326
-1.602053 3.407580 0.021803
-1.957341 3.483674 -0.055819
-1.957341 3.483674 0.021803
-1.621284 3.317787 -0.098326
-1.621284 3.317787 0.021803
-1.976572 3.393881 -0.055819
-1.976572 3.393881 0.021803
-1.616989 3.185639 -0.110729
-1.616989 3.185639 0.030476
-2.034613 3.275084 -0.060764
-2.034613 3.275084 0.030476
-1.802908 2.953458 -0.058910
-1.802908 2.953458 -0.005763
-1.960095 2.987124 -0.040104
-1.960095 2.987124 -0.005763
-1.471453 3.631732 -0.388976
-1.471453 3.631732 -0.216610
-1.984682 3.741652 -0.155208
-1.984682 3.741652 -0.266171
-1.602053 3.407580 -0.348282
-1.602053 3.407580 -0.228960
-1.957341 3.483674 -0.263269
-1.957341 3.483674 -0.186454
-1.621284 3.317787 -0.348282
-1.621284 3.317787 -0.228960
-1.976572 3.393881 -0.263269
-1.976572 3.393881 -0.186454
-1.616989 3.185639 -0.364343
-1.616989 3.185639 -0.224086
-2.034613 3.275084 -0.264415
-2.034613 3.275084 -0.174122
-1.802908 2.953458 -0.297241
-1.802908 2.953458 -0.244450
-1.960095 2.987124 -0.259629
-1.960095 2.987124 -0.225645
1.835556 4.134220 0.499184
1.446718 4.050941 0.592224
1.510690 3.752246 0.592224
1.899528 3.835524 0.499184
1.896642 3.852471 0.965950
1.610481 3.791183 1.034422
1.657561 3.571362 1.034422
1.943722 3.632649 0.965950
1.471453 3.631732 0.562806
1.471453 3.631732 0.390440
1.984682 3.741652 0.329038
1.984682 3.741652 0.440001
1.602053 3.407580 0.522112
1.602053 3.407580 0.402790
1.957341 3.483674 0.437099
1.957341 3.483674 0.360284
1.621284 3.317787 0.522112
1.621284 3.317787 0.402790
1.976572 3.393881 0.437099
1.976572 3.393881 0.360284
1.616989 3.185639 0.538173
1.616989 3.185639 0.397916
2.034613 3.275084 0.438245
2.034613 3.275084 0.347952
1.802908 2.953458 0.471071
1.802908 2.953458 0.418280
1.960095 2.987124 0.433459
1.960095 2.987124 0.399475
1.471453 3.631732 0.303581
1.471453 3.631732 0.130050
1.984682 3.741652 0.130050
1.984682 3.741652 0.242179
1.602053 3.407580 0.272156
1.602053 3.407580 0.152028
1.957341 3.483674 0.229650
1.957341 3.483674 0.152028
1.621284 3.317787 0.272156
1.621284 3.317787 0.152028
1.976572 3.393881 0.229650
1.976572 3.393881 0.152028
1.616989 3.185639 0.284559
1.616989 3.185639 0.143354
2.034613 3.275084 0.234595
2.034613 3.275084 0.143354
1.802908 2.953458 0.232740
1.802908 2.953458 0.179593
1.960095 2.987124 0.213935
1.960095 2.987124 0.179593
1.471453 3.631732 0.043780
1.471453 3.631732 -0.129751
1.984682 3.741652 -0.068349
1.984682 3.741652 0.043780
1.602053 3.407580 0.021803
1.602053 3.407580 -0.098326
1.957341 3.483674 0.021803
1.957341 3.483674 -0.055819
1.621284 3.317787 0.021803
1.621284 3.317787 -0.098326
1.976572 3.393881 0.021803
1.976572 3.393881 -0.055819
1.616989 3.185639 0.030476
1.616989 3.185639 -0.110729
2.034613 3.275084 0.030476
2.034613 3.275084 -0.060764
1.802908 2.953458 -0.005763
1.802908 2.953458 -0.058910
1.960095 2.987124 -0.005763
1.960095 2.987124 -0.040104
1.471453 3.631732 -0.216610
1.471453 3.631732 -0.388976
1.984682 3.741652 -0.266171
1.984682 3.741652 -0.155208
1.602053 3.407580 -0.228960
1.602053 3.407580 -0.348282
1.957341 3.483674 -0.186454
1.957341 3.483674 -0.263269
1.621284 3.317787 -0.228960
1.621284 3.317787 -0.348282
1.976572 3.393881 -0.186454
1.976572 3.393881 -0.263269
1.616989 3.185639 -0.224086
1.616989 3.185639 -0.364343
2.034613 3.275084 -0.174122
2.034613 3.275084 -0.264415
1.802908 2.953458 -0.244450
1.802908 2.953458 -0.297241
1.960095 2.987124 -0.225645
1.960095 2.987124 -0.259629
-0.177158 2.949573 -0.312084
-0.651359 2.949447 -0.195493
-0.602990 2.947083 0.379858
-0.180168 2.948513 0.493264
-0.040233 1.879734 -0.415340
-0.692646 1.879344 0.571525
-0.090394 1.878577 0.586194
-0.093000 0.725547 -0.339889
-0.642140 0.775507 0.519932
-0.140840 0.775607 0.515791
-0.078287 0.283973 -0.358189
-0.708278 0.283974 -0.223383
-0.713436 0.283975 0.517579
-0.069543 0.283975 0.514792
-0.604320 0.351072 1.454076
-0.178659 0.351072 1.451289
-0.619743 0.284983 1.471753
-0.163120 0.284977 1.468864
-0.139936 0.547384 -0.329572
-0.708278 0.488454 -0.223383
-0.689979 0.547384 0.468450
-0.069443 0.488454 0.513647
-0.604320 0.312089 1.454076
-0.161495 0.302119 1.466324
-0.093000 0.273108 -0.339889
-0.689979 0.273108 -0.208669
-0.689979 0.273108 0.516507
-0.093000 0.273108 0.513720
-0.604320 0.273108 1.454076
-0.178659 0.273108 1.451289
-0.093000 0.499328 0.513720
-0.178659 0.312089 1.451289
-0.621390 0.302125 1.469211
-0.713536 0.488454 0.516434
-0.078287 0.488453 -0.358189
-0.689979 0.499328 -0.208669
-0.652959 2.949581 0.327418
-0.134039 2.997469 0.492284
-0.040233 1.879734 0.589170
-0.742746 1.879734 0.567914
-0.689979 0.725547 0.516507
-0.093000 0.725547 0.513720
-0.694855 1.880606 0.604551
-0.092603 1.879839 0.619220
-0.605198 2.948346 0.412883
-0.182377 2.949775 0.526290
-0.644349 0.776770 0.552958
-0.143048 0.776869 0.548816
-0.134038 2.997469 -0.318454
-0.648940 2.997469 -0.193824
-0.648940 2.997469 0.367654
-0.087314 1.878724 -0.405026
-0.743153 1.876554 0.519670
-0.690028 0.726614 0.468450
-0.139952 0.726952 -0.329647
-0.093000 0.499328 -0.339889
-0.689979 0.499328 0.516507
-0.689979 0.547384 -0.208669
-0.091821 1.878890 -0.425039
-0.758755 1.880095 -0.273745
-0.763665 1.876884 0.519653
-0.667296 2.951492 -0.208247
-0.144356 0.726386 -0.349675
-0.705975 0.724881 -0.221496
-0.710537 0.726135 0.468446
-0.705967 0.547379 -0.221524
-0.181758 2.951051 -0.332022
-0.673401 2.951312 0.327390
-0.144341 0.547379 -0.349609
-0.710494 0.547381 0.468450
0.651359 2.949447 -0.195493
0.177158 2.949573 -0.312084
0.180168 2.948513 0.493264
0.602990 2.947083 0.379858
0.040233 1.879734 -0.415340
0.090394 1.878577 0.586194
0.692646 1.879344 0.571525
0.093000 0.725547 -0.339889
0.140840 0.775607 0.515791
0.642140 0.775507 0.519932
0.708278 0.283974 -0.223383
0.078287 0.283973 -0.358189
0.069543 0.283975 0.514792
0.713435 0.283975 0.517579
0.178659 0.351072 1.451289
0.604319 0.351072 1.454076
0.163120 0.284977 1.468864
0.619743 0.284983 1.471753
0.689979 0.547384 0.468451
0.708278 0.488454 -0.223383
0.078287 0.488453 -0.358189
0.093000 0.499328 0.513720
0.604319 0.312089 1.454076
0.178659 0.312089 1.451289
0.689979 0.273108 -0.208669
0.093000 0.273108 -0.339889
0.093000 0.273108 0.513720
0.689979 0.273108 0.516507
0.178659 0.273108 1.451289
0.604319 0.273108 1.454076
0.713536 0.488454 0.516434
0.621389 0.302125 1.469211
0.161495 0.302119 1.466324
0.069443 0.488454 0.513647
0.139936 0.547384 -0.329572
0.689979 0.499328 -0.208669
0.134039 2.997469 0.492284
0.652959 2.949581 0.327418
0.742746 1.879734 0.567915
0.040233 1.879734 0.589171
0.093000 0.725547 0.513720
0.689979 0.725547 0.516507
0.092603 1.879839 0.619220
0.694855 1.880606 0.604551
0.182377 2.949775 0.526290
0.605198 2.948346 0.412884
0.143048 0.776869 0.548816
0.644349 0.776770 0.552958
0.648940 2.997469 -0.193824
0.134039 2.997469 -0.318454
0.648940 2.997469 0.367654
0.743153 1.876554 0.519670
0.087314 1.878724 -0.405026
0.690028 0.726614 0.468451
0.139952 0.726952 -0.329646
0.093000 0.499328 -0.339889
0.689979 0.499328 0.516507
0.689979 0.547384 -0.208669
0.758755 1.880095 -0.273745
0.091821 1.878890 -0.425039
0.763665 1.876884 0.519653
0.667296 2.951492 -0.208247
0.705975 0.724881 -0.221496
0.144356 0.726386 -0.349675
0.710537 0.726135 0.468446
0.705967 0.547379 -0.221524
0.181758 2.951051 -0.332022
0.673401 2.951312 0.327390
0.144342 0.547379 -0.349609
0.710494 0.547381 0.468450
